"","area_fips","own_code","industry_code","agglvl_code","size_code","year","qtr","disclosure_code","qtrly_estabs","month1_emplvl","month2_emplvl","month3_emplvl","total_qtrly_wages","taxable_qtrly_wages","qtrly_contributions","avg_wkly_wage","lq_disclosure_code","lq_qtrly_estabs","lq_month1_emplvl","lq_month2_emplvl","lq_month3_emplvl","lq_total_qtrly_wages","lq_taxable_qtrly_wages","lq_qtrly_contributions","lq_avg_wkly_wage","oty_disclosure_code","oty_qtrly_estabs_chg","oty_qtrly_estabs_pct_chg","oty_month1_emplvl_chg","oty_month1_emplvl_pct_chg","oty_month2_emplvl_chg","oty_month2_emplvl_pct_chg","oty_month3_emplvl_chg","oty_month3_emplvl_pct_chg","oty_total_qtrly_wages_chg","oty_total_qtrly_wages_pct_chg","oty_taxable_qtrly_wages_chg","oty_taxable_qtrly_wages_pct_chg","oty_qtrly_contributions_chg","oty_qtrly_contributions_pct_chg","oty_avg_wkly_wage_chg","oty_avg_wkly_wage_pct_chg"
"1",39000,0,"10",50,0,2017,2,"",296002,5345160,5406150,5424490,63915980078,7869565489,227365174,912,"",1,1,1,1,1,1,1,1,"",3069,1,36873,0.7,44718,0.8,66355,1.2,2570316281,4.2,-204112984,-2.5,34335288,17.8,29,3.3
"2",39000,1,"10",51,0,2017,2,"",1811,78109,78121,78575,1529312883,0,0,1503,"",1,0.75,0.74,0.75,0.82,0,0,1.1,"",-11,-0.6,1236,1.6,979,1.3,858,1.1,209414368,15.9,0,0,0,0,189,14.4
"3",39000,1,"101",52,0,2017,2,"",1,9,9,10,178558,0,0,1472,"",0.28,0,0,0.01,0.01,0,0,1.01,"",0,0,0,0,0,0,1,11.1,6348,3.7,0,0,0,0,0,0
"4",39000,1,"1013",53,0,2017,2,"",1,9,9,10,178558,0,0,1472,"",0.72,0.01,0.01,0.01,0.01,0,0,0.99,"",0,0,0,0,0,0,1,11.1,6348,3.7,0,0,0,0,0,0
"5",39000,1,"102",52,0,2017,2,"",1810,78100,78112,78565,1529134325,0,0,1503,"",1.01,0.76,0.76,0.76,0.84,0,0,1.1,"",-11,-0.6,1236,1.6,979,1.3,857,1.1,209408020,15.9,0,0,0,0,189,14.4
"6",39000,1,"1021",53,0,2017,2,"",1054,23202,23384,23352,353667125,0,0,1167,"",1.16,0.91,0.91,0.91,1,0,0,1.1,"",-9,-0.8,330,1.4,427,1.9,278,1.2,51218268,16.9,0,0,0,0,154,15.2
"7",39000,1,"1023",53,0,2017,2,"",12,166,168,166,3006275,0,0,1388,"",0.5,0.34,0.34,0.34,0.26,0,0,0.77,"",0,0,1,0.6,3,1.8,-3,-1.8,-12475,-0.4,0,0,0,0,-8,-0.6
"8",39000,1,"1024",53,0,2017,2,"",37,423,418,423,7388414,0,0,1349,"",0.84,0.18,0.17,0.17,0.16,0,0,0.93,"",-1,-2.6,0,0,-15,-3.5,-23,-5.2,90,0,0,0,0,0,39,3
"9",39000,1,"1025",53,0,2017,2,"",38,12749,12699,12829,261986871,0,0,1579,"",0.92,0.84,0.83,0.84,0.93,0,0,1.12,"",2,5.6,431,3.5,341,2.8,490,4,48409365,22.7,0,0,0,0,247,18.5
"10",39000,1,"1026",53,0,2017,2,"",27,483,523,553,4424416,0,0,655,"",0.58,0.28,0.28,0.28,0.24,0,0,0.86,"",0,0,-25,-4.9,-22,-4,-25,-4.3,-210503,-4.5,0,0,0,0,-1,-0.2
"11",39000,1,"1027",53,0,2017,2,"",3,33,34,33,497754,0,0,1149,"",0.58,0.19,0.2,0.19,0.24,0,0,1.21,"",0,0,0,0,-3,-8.1,-4,-10.8,130450,35.5,0,0,0,0,357,45.1
"12",39000,1,"1028",53,0,2017,2,"",639,41044,40886,41209,898163470,0,0,1683,"",0.88,0.73,0.72,0.72,0.81,0,0,1.12,"",-3,-0.5,499,1.2,248,0.6,144,0.4,109872825,13.9,0,0,0,0,195,13.1
"13",39000,1,"31-33",54,0,2017,2,"",1,9,9,10,178558,0,0,1472,"",0.72,0.01,0.01,0.01,0.01,0,0,0.99,"",0,0,0,0,0,0,1,11.1,6348,3.7,0,0,0,0,0,0
"14",39000,1,"323",55,0,2017,2,"",1,9,9,10,178558,0,0,1472,"",1.95,0.08,0.08,0.09,0.08,0,0,0.95,"",0,0,0,0,0,0,1,11.1,6348,3.7,0,0,0,0,0,0
"15",39000,1,"3231",56,0,2017,2,"",1,9,9,10,178558,0,0,1472,"",1.95,0.08,0.08,0.09,0.08,0,0,0.95,"",0,0,0,0,0,0,1,11.1,6348,3.7,0,0,0,0,0,0
"16",39000,1,"32311",57,0,2017,2,"",1,9,9,10,178558,0,0,1472,"",1.95,0.08,0.08,0.09,0.08,0,0,0.95,"",0,0,0,0,0,0,1,11.1,6348,3.7,0,0,0,0,0,0
"17",39000,1,"323117",58,0,2017,2,"",1,9,9,10,178558,0,0,1472,"",2.37,0.15,0.14,0.16,0.15,0,0,1.02,"",0,0,0,0,0,0,1,11.1,6348,3.7,0,0,0,0,0,0
"18",39000,1,"44-45",54,0,2017,2,"",8,131,127,136,1438445,0,0,843,"",0.4,0.08,0.08,0.08,0.11,0,0,1.44,"",-1,-11.1,-9,-6.4,-13,-9.3,-1,-0.7,197121,15.9,0,0,0,0,156,22.7
"19",39000,1,"441",55,0,2017,2,"",1,2,2,2,18100,0,0,696,"",0.81,0.47,0.47,0.46,0.83,0,0,1.78,"",0,0,0,0,0,0,0,0,-836,-4.4,0,0,0,0,-32,-4.4
"20",39000,1,"4413",56,0,2017,2,"",1,2,2,2,18100,0,0,696,"",0.81,0.47,0.47,0.46,0.83,0,0,1.78,"",0,0,0,0,0,0,0,0,-836,-4.4,0,0,0,0,-32,-4.4
"21",39000,1,"44131",57,0,2017,2,"",1,2,2,2,18100,0,0,696,"",0.81,0.47,0.47,0.46,0.83,0,0,1.78,"",0,0,0,0,0,0,0,0,-836,-4.4,0,0,0,0,-32,-4.4
"22",39000,1,"441310",58,0,2017,2,"",1,2,2,2,18100,0,0,696,"",0.81,0.47,0.47,0.46,0.83,0,0,1.78,"",0,0,0,0,0,0,0,0,-836,-4.4,0,0,0,0,-32,-4.4
"23",39000,1,"442",55,0,2017,2,"",3,6,5,5,28738,0,0,414,"",1.81,0.73,0.61,0.6,0.72,0,0,1.12,"",0,0,1,20,1,25,1,25,1487,5.5,0,0,0,0,-70,-14.5
"24",39000,1,"4422",56,0,2017,2,"",3,6,5,5,28738,0,0,414,"",1.84,0.86,0.72,0.71,0.83,0,0,1.08,"",0,0,1,20,1,25,1,25,1487,5.5,0,0,0,0,-70,-14.5
"25",39000,1,"44229",57,0,2017,2,"",3,6,5,5,28738,0,0,414,"",1.84,0.86,0.72,0.71,0.83,0,0,1.08,"",0,0,1,20,1,25,1,25,1487,5.5,0,0,0,0,-70,-14.5
"26",39000,1,"442299",58,0,2017,2,"",3,6,5,5,28738,0,0,414,"",1.84,0.86,0.72,0.71,0.83,0,0,1.08,"",0,0,1,20,1,25,1,25,1487,5.5,0,0,0,0,-70,-14.5
"27",39000,1,"445",55,0,2017,2,"",1,97,95,104,1109558,0,0,865,"",0.17,0.22,0.22,0.23,0.25,0,0,1.11,"",0,0,-3,-3,-7,-6.9,3,3,247804,28.8,0,0,0,0,209,31.9
"28",39000,1,"4451",56,0,2017,2,"",1,97,95,104,1109558,0,0,865,"",0.17,0.22,0.22,0.23,0.25,0,0,1.11,"",0,0,-3,-3,-7,-6.9,3,3,247804,28.8,0,0,0,0,209,31.9
"29",39000,1,"44511",57,0,2017,2,"",1,97,95,104,1109558,0,0,865,"",0.2,0.23,0.23,0.25,0.26,0,0,1.08,"",0,0,-3,-3,-7,-6.9,3,3,247804,28.8,0,0,0,0,209,31.9
"30",39000,1,"445110",58,0,2017,2,"",1,97,95,104,1109558,0,0,865,"",0.2,0.23,0.23,0.25,0.26,0,0,1.08,"",0,0,-3,-3,-7,-6.9,3,3,247804,28.8,0,0,0,0,209,31.9
"31",39000,1,"452",55,0,2017,2,"",3,26,25,25,282049,0,0,856,"",0.35,0.02,0.02,0.02,0.04,0,0,1.64,"",-1,-25,-7,-21.2,-7,-21.9,-5,-16.7,-51334,-15.4,0,0,0,0,46,5.7
"32",39000,1,"4523",56,0,2017,2,"",3,26,25,25,282049,0,0,856,"",1.26,0.07,0.07,0.07,0.11,0,0,1.61,"N",3,100,0,0,0,0,0,0,0,0,0,0,0,0,0,0
"33",39000,1,"45231",57,0,2017,2,"",3,26,25,25,282049,0,0,856,"",1.26,0.07,0.07,0.07,0.11,0,0,1.61,"N",3,100,0,0,0,0,0,0,0,0,0,0,0,0,0,0
"34",39000,1,"452319",58,0,2017,2,"",3,26,25,25,282049,0,0,856,"",2.31,0.18,0.17,0.17,0.39,0,0,2.24,"N",3,100,0,0,0,0,0,0,0,0,0,0,0,0,0,0
"35",39000,1,"48-49",54,0,2017,2,"",1046,23071,23257,23216,352228680,0,0,1169,"",1.19,0.99,0.99,0.99,1.07,0,0,1.09,"",-8,-0.8,339,1.5,440,1.9,279,1.2,51021147,16.9,0,0,0,0,154,15.2
"36",39000,1,"488",55,0,2017,2,"",1,33,34,35,797333,0,0,1804,"",0.2,0.08,0.08,0.08,0.07,0,0,0.86,"",0,0,1,3.1,3,9.7,5,16.7,81022,11.3,0,0,0,0,27,1.5
"37",39000,1,"4881",56,0,2017,2,"",1,33,34,35,797333,0,0,1804,"",0.2,0.08,0.08,0.08,0.07,0,0,0.86,"",0,0,1,3.1,3,9.7,5,16.7,81022,11.3,0,0,0,0,27,1.5
"38",39000,1,"48811",57,0,2017,2,"",1,33,34,35,797333,0,0,1804,"",0.2,0.08,0.08,0.08,0.07,0,0,0.86,"",0,0,1,3.1,3,9.7,5,16.7,81022,11.3,0,0,0,0,27,1.5
"39",39000,1,"488111",58,0,2017,2,"",1,33,34,35,797333,0,0,1804,"",0.2,0.08,0.08,0.08,0.07,0,0,0.85,"",0,0,1,3.1,3,9.7,5,16.7,81022,11.3,0,0,0,0,27,1.5
"40",39000,1,"491",55,0,2017,2,"",1045,23038,23223,23181,351431347,0,0,1168,"",1.19,1.01,1.01,1.01,1.11,0,0,1.1,"",-8,-0.8,338,1.5,437,1.9,274,1.2,50940125,17,0,0,0,0,154,15.2
"41",39000,1,"4911",56,0,2017,2,"",1045,23038,23223,23181,351431347,0,0,1168,"",1.19,1.01,1.01,1.01,1.11,0,0,1.1,"",-8,-0.8,338,1.5,437,1.9,274,1.2,50940125,17,0,0,0,0,154,15.2
"42",39000,1,"49111",57,0,2017,2,"",1045,23038,23223,23181,351431347,0,0,1168,"",1.19,1.01,1.01,1.01,1.11,0,0,1.1,"",-8,-0.8,338,1.5,437,1.9,274,1.2,50940125,17,0,0,0,0,154,15.2
"43",39000,1,"491110",58,0,2017,2,"",1045,23038,23223,23181,351431347,0,0,1168,"",1.19,1.01,1.01,1.01,1.11,0,0,1.1,"",-8,-0.8,338,1.5,437,1.9,274,1.2,50940125,17,0,0,0,0,154,15.2
"44",39000,1,"52",54,0,2017,2,"",12,166,168,166,3006275,0,0,1388,"",0.51,0.34,0.35,0.34,0.26,0,0,0.76,"",0,0,1,0.6,3,1.8,-3,-1.8,-12475,-0.4,0,0,0,0,-8,-0.6
"45",39000,1,"522",55,0,2017,2,"",8,104,106,102,1629021,0,0,1205,"",0.41,0.45,0.45,0.45,0.38,0,0,0.85,"",0,0,1,1,3,2.9,-3,-2.9,-31086,-1.9,0,0,0,0,-27,-2.2
"46",39000,1,"5222",56,0,2017,2,"",8,104,106,102,1629021,0,0,1205,"",0.41,0.45,0.45,0.45,0.38,0,0,0.85,"",0,0,1,1,3,2.9,-3,-2.9,-31086,-1.9,0,0,0,0,-27,-2.2
"47",39000,1,"52229",57,0,2017,2,"",8,104,106,102,1629021,0,0,1205,"",0.41,0.45,0.45,0.45,0.38,0,0,0.85,"",0,0,1,1,3,2.9,-3,-2.9,-31086,-1.9,0,0,0,0,-27,-2.2
"48",39000,1,"522292",58,0,2017,2,"",5,101,103,99,1534570,0,0,1169,"",0.58,0.92,0.93,0.91,0.98,0,0,1.06,"",0,0,1,1,3,3,-3,-2.9,-34230,-2.2,0,0,0,0,-30,-2.5
"49",39000,1,"522298",58,0,2017,2,"",3,3,3,3,94451,0,0,2422,"",0.34,0.03,0.03,0.03,0.05,0,0,1.34,"",0,0,0,0,0,0,0,0,3144,3.4,0,0,0,0,81,3.5
"50",39000,1,"524",55,0,2017,2,"",4,62,62,64,1377254,0,0,1691,"",1.01,0.25,0.25,0.25,0.19,0,0,0.77,"",0,0,0,0,0,0,0,0,18611,1.4,0,0,0,0,23,1.4
"51",39000,1,"5241",56,0,2017,2,"",2,52,52,53,1196576,0,0,1759,"",0.63,0.22,0.22,0.22,0.17,0,0,0.79,"",0,0,-2,-3.7,-2,-3.7,-2,-3.6,-13066,-1.1,0,0,0,0,46,2.7
"52",39000,1,"52412",57,0,2017,2,"",2,52,52,53,1196576,0,0,1759,"",0.63,0.22,0.22,0.22,0.17,0,0,0.79,"",0,0,-2,-3.7,-2,-3.7,-2,-3.6,-13066,-1.1,0,0,0,0,46,2.7
"53",39000,1,"524128",58,0,2017,2,"",2,52,52,53,1196576,0,0,1759,"",0.64,0.22,0.22,0.22,0.17,0,0,0.78,"",0,0,-2,-3.7,-2,-3.7,-2,-3.6,-13066,-1.1,0,0,0,0,46,2.7
"54",39000,1,"5242",56,0,2017,2,"",2,10,10,11,180678,0,0,1345,"",2.65,0.75,0.74,0.83,0.72,0,0,0.93,"",0,0,2,25,2,25,2,22.2,31677,21.3,0,0,0,0,-30,-2.2
"55",39000,1,"52429",57,0,2017,2,"",2,10,10,11,180678,0,0,1345,"",7.36,1.02,1.01,1.12,0.94,0,0,0.9,"",0,0,2,25,2,25,2,22.2,31677,21.3,0,0,0,0,-30,-2.2
"56",39000,1,"524292",58,0,2017,2,"",2,10,10,11,180678,0,0,1345,"",22.09,20.63,20.56,21.03,22.94,0,0,1.11,"",0,0,2,25,2,25,2,22.2,31677,21.3,0,0,0,0,-30,-2.2
"57",39000,1,"54",54,0,2017,2,"",34,406,401,406,7291799,0,0,1387,"",0.86,0.17,0.17,0.17,0.16,0,0,0.94,"",-1,-2.9,0,0,-15,-3.6,-23,-5.4,14346,0.2,0,0,0,0,45,3.4
"58",39000,1,"541",55,0,2017,2,"",34,406,401,406,7291799,0,0,1387,"",0.86,0.17,0.17,0.17,0.16,0,0,0.94,"",-1,-2.9,0,0,-15,-3.6,-23,-5.4,14346,0.2,0,0,0,0,45,3.4
"59",39000,1,"5412",56,0,2017,2,"",2,3,3,3,83543,0,0,2142,"",0.97,0.11,0.11,0.11,0.26,0,0,2.43,"",0,0,-1,-25,-1,-25,0,0,34081,68.9,0,0,0,0,1104,106.4
"60",39000,1,"54121",57,0,2017,2,"",2,3,3,3,83543,0,0,2142,"",0.97,0.11,0.11,0.11,0.26,0,0,2.43,"",0,0,-1,-25,-1,-25,0,0,34081,68.9,0,0,0,0,1104,106.4
"61",39000,1,"541219",58,0,2017,2,"",2,3,3,3,83543,0,0,2142,"",1.02,0.15,0.15,0.15,0.3,0,0,2.04,"",0,0,-1,-25,-1,-25,0,0,34081,68.9,0,0,0,0,1104,106.4
"62",39000,1,"5413",56,0,2017,2,"",30,399,394,398,7137338,0,0,1383,"",1.25,0.22,0.22,0.22,0.21,0,0,0.97,"",0,0,1,0.3,-15,-3.7,-25,-5.9,-57082,-0.8,0,0,0,0,33,2.4
"63",39000,1,"54133",57,0,2017,2,"",30,399,394,398,7137338,0,0,1383,"",1.25,0.24,0.23,0.23,0.22,0,0,0.96,"",0,0,1,0.3,-15,-3.7,-25,-5.9,-57082,-0.8,0,0,0,0,33,2.4
"64",39000,1,"541330",58,0,2017,2,"",30,399,394,398,7137338,0,0,1383,"",1.25,0.24,0.23,0.23,0.22,0,0,0.96,"",0,0,1,0.3,-15,-3.7,-25,-5.9,-57082,-0.8,0,0,0,0,33,2.4
"65",39000,1,"5415",56,0,2017,2,"",1,2,2,2,13792,0,0,530,"",0.54,0.33,0.33,0.33,0.17,0,0,0.5,"",0,0,0,0,0,0,0,0,-2608,-15.9,0,0,0,0,-101,-16
"66",39000,1,"54151",57,0,2017,2,"",1,2,2,2,13792,0,0,530,"",0.54,0.33,0.33,0.33,0.17,0,0,0.5,"",0,0,0,0,0,0,0,0,-2608,-15.9,0,0,0,0,-101,-16
"67",39000,1,"541511",58,0,2017,2,"",1,2,2,2,13792,0,0,530,"",1.74,1.63,1.57,1.62,1.49,0,0,0.93,"",0,0,0,0,0,0,0,0,-2608,-15.9,0,0,0,0,-101,-16
"68",39000,1,"5417",56,0,2017,2,"",1,2,2,3,57126,0,0,1883,"",0.3,0.01,0.01,0.01,0.01,0,0,1.08,"",-1,-50,0,0,1,100,2,200,39955,232.7,0,0,0,0,892,90
"69",39000,1,"54171",57,0,2017,2,"",1,2,2,3,57126,0,0,1883,"",0.3,0.01,0.01,0.01,0.01,0,0,1.08,"",-1,-50,0,0,1,100,2,200,39955,232.7,0,0,0,0,892,90
"70",39000,1,"541715",58,0,2017,2,"",1,2,2,3,57126,0,0,1883,"",0.36,0.01,0.01,0.02,0.01,0,0,1.03,"N",1,100,0,0,0,0,0,0,0,0,0,0,0,0,0,0
"71",39000,1,"56",54,0,2017,2,"",3,17,17,17,96615,0,0,437,"",0.67,0.24,0.24,0.24,0.16,0,0,0.66,"",0,0,0,0,0,0,0,0,-14256,-12.9,0,0,0,0,-65,-12.9
"72",39000,1,"561",55,0,2017,2,"",2,3,3,3,18066,0,0,463,"",0.53,0.05,0.05,0.05,0.03,0,0,0.68,"",0,0,0,0,0,0,0,0,-90,-0.5,0,0,0,0,-3,-0.6
"73",39000,1,"5615",56,0,2017,2,"",2,3,3,3,18066,0,0,463,"",0.66,0.15,0.15,0.15,0.14,0,0,0.96,"",0,0,0,0,0,0,0,0,-90,-0.5,0,0,0,0,-3,-0.6
"74",39000,1,"56152",57,0,2017,2,"",1,2,2,2,10398,0,0,400,"",0.77,0.67,0.66,0.64,0.73,0,0,1.11,"",0,0,0,0,0,0,0,0,-887,-7.9,0,0,0,0,-34,-7.8
"75",39000,1,"561520",58,0,2017,2,"",1,2,2,2,10398,0,0,400,"",0.77,0.67,0.66,0.64,0.73,0,0,1.11,"",0,0,0,0,0,0,0,0,-887,-7.9,0,0,0,0,-34,-7.8
"76",39000,1,"56159",57,0,2017,2,"",1,1,1,1,7668,0,0,590,"",0.64,0.06,0.06,0.06,0.07,0,0,1.16,"",0,0,0,0,0,0,0,0,797,11.6,0,0,0,0,61,11.5
"77",39000,1,"561599",58,0,2017,2,"",1,1,1,1,7668,0,0,590,"",0.64,0.06,0.06,0.06,0.07,0,0,1.16,"",0,0,0,0,0,0,0,0,797,11.6,0,0,0,0,61,11.5
"78",39000,1,"562",55,0,2017,2,"",1,14,14,14,78549,0,0,432,"",1.38,1.99,1.98,1.99,1.63,0,0,0.82,"",0,0,0,0,0,0,0,0,-14166,-15.3,0,0,0,0,-77,-15.1
"79",39000,1,"5621",56,0,2017,2,"",1,14,14,14,78549,0,0,432,"",1.38,1.99,1.98,1.99,1.63,0,0,0.82,"",0,0,0,0,0,0,0,0,-14166,-15.3,0,0,0,0,-77,-15.1
"80",39000,1,"56211",57,0,2017,2,"",1,14,14,14,78549,0,0,432,"",1.38,1.99,1.98,1.99,1.63,0,0,0.82,"",0,0,0,0,0,0,0,0,-14166,-15.3,0,0,0,0,-77,-15.1
"81",39000,1,"562111",58,0,2017,2,"",1,14,14,14,78549,0,0,432,"",1.38,1.99,1.98,1.99,1.63,0,0,0.82,"",0,0,0,0,0,0,0,0,-14166,-15.3,0,0,0,0,-77,-15.1
"82",39000,1,"61",54,0,2017,2,"",2,8,8,8,54663,0,0,526,"",0.44,0.02,0.02,0.02,0.01,0,0,0.38,"",1,100,4,100,3,60,3,60,37552,219.5,0,0,0,0,244,86.5
"83",39000,1,"611",55,0,2017,2,"",2,8,8,8,54663,0,0,526,"",0.44,0.02,0.02,0.02,0.01,0,0,0.38,"",1,100,4,100,3,60,3,60,37552,219.5,0,0,0,0,244,86.5
"84",39000,1,"6116",56,0,2017,2,"",2,8,8,8,54663,0,0,526,"",0.99,0.4,0.4,0.41,0.26,0,0,0.65,"",1,100,4,100,3,60,3,60,37552,219.5,0,0,0,0,244,86.5
"85",39000,1,"61161",57,0,2017,2,"",1,5,5,5,15409,0,0,237,"",2.55,4.79,4.77,4.78,4.73,0,0,0.99,"",0,0,1,25,0,0,0,0,-1702,-9.9,0,0,0,0,-45,-16
"86",39000,1,"611610",58,0,2017,2,"",1,5,5,5,15409,0,0,237,"",2.55,4.79,4.77,4.78,4.73,0,0,0.99,"",0,0,1,25,0,0,0,0,-1702,-9.9,0,0,0,0,-45,-16
"87",39000,1,"61169",57,0,2017,2,"",1,3,3,3,39254,0,0,1007,"",0.61,0.16,0.16,0.16,0.19,0,0,1.2,"N",1,100,0,0,0,0,0,0,0,0,0,0,0,0,0,0
"88",39000,1,"611699",58,0,2017,2,"",1,3,3,3,39254,0,0,1007,"",0.65,0.17,0.17,0.17,0.21,0,0,1.2,"N",1,100,0,0,0,0,0,0,0,0,0,0,0,0,0,0
"89",39000,1,"62",54,0,2017,2,"",36,12741,12691,12821,261932208,0,0,1580,"",0.98,0.86,0.86,0.87,0.96,0,0,1.12,"",1,2.9,427,3.5,338,2.7,487,3.9,48371813,22.7,0,0,0,0,248,18.6
"90",39000,1,"621",55,0,2017,2,"",25,2548,2544,2589,54636228,0,0,1641,"",1.65,1.83,1.82,1.86,2.04,0,0,1.11,"",0,0,51,2,64,2.6,109,4.4,11140202,25.6,0,0,0,0,295,21.9
"91",39000,1,"6211",56,0,2017,2,"",24,1354,1358,1383,28987707,0,0,1634,"",2.2,1.55,1.54,1.59,1.67,0,0,1.07,"",0,0,-9,-0.7,3,0.2,21,1.5,5004526,20.9,0,0,0,0,277,20.4
"92",39000,1,"62111",57,0,2017,2,"",24,1354,1358,1383,28987707,0,0,1634,"",2.2,1.55,1.54,1.59,1.67,0,0,1.07,"",0,0,-9,-0.7,3,0.2,21,1.5,5004526,20.9,0,0,0,0,277,20.4
"93",39000,1,"621111",58,0,2017,2,"",24,1354,1358,1383,28987707,0,0,1634,"",2.2,1.55,1.54,1.59,1.67,0,0,1.07,"",0,0,-9,-0.7,3,0.2,21,1.5,5004526,20.9,0,0,0,0,277,20.4
"94",39000,1,"6214",56,0,2017,2,"",1,1194,1186,1206,25648521,0,0,1651,"",0.25,2.37,2.35,2.39,2.81,0,0,1.19,"",0,0,60,5.3,61,5.4,88,7.9,6135676,31.4,0,0,0,0,318,23.9
"95",39000,1,"62149",57,0,2017,2,"",1,1194,1186,1206,25648521,0,0,1651,"",0.25,2.38,2.35,2.39,2.82,0,0,1.19,"",0,0,60,5.3,61,5.4,88,7.9,6135676,31.4,0,0,0,0,318,23.9
"96",39000,1,"621498",58,0,2017,2,"",1,1194,1186,1206,25648521,0,0,1651,"",0.52,3.98,3.94,3.99,4.54,0,0,1.14,"",0,0,60,5.3,61,5.4,88,7.9,6135676,31.4,0,0,0,0,318,23.9
"97",39000,1,"622",55,0,2017,2,"",5,9949,9894,9981,205523453,0,0,1590,"",0.44,0.78,0.77,0.78,0.85,0,0,1.1,"",0,0,301,3.1,186,1.9,300,3.1,36739582,21.8,0,0,0,0,249,18.6
"98",39000,1,"6221",56,0,2017,2,"",4,8522,8472,8545,179164713,0,0,1619,"",0.36,0.68,0.68,0.68,0.76,0,0,1.12,"",0,0,261,3.2,162,1.9,255,3.1,32354174,22,0,0,0,0,256,18.8
"99",39000,1,"62211",57,0,2017,2,"",4,8522,8472,8545,179164713,0,0,1619,"",0.36,0.68,0.68,0.68,0.76,0,0,1.12,"",0,0,261,3.2,162,1.9,255,3.1,32354174,22,0,0,0,0,256,18.8
"100",39000,1,"622110",58,0,2017,2,"",4,8522,8472,8545,179164713,0,0,1619,"",0.36,0.68,0.68,0.68,0.76,0,0,1.12,"",0,0,261,3.2,162,1.9,255,3.1,32354174,22,0,0,0,0,256,18.8
"101",39000,1,"6222",56,0,2017,2,"",1,1427,1422,1436,26358740,0,0,1420,"",8.28,6.67,6.64,6.71,7.3,0,0,1.09,"",0,0,40,2.9,24,1.7,45,3.2,4385408,20,0,0,0,0,206,17
"102",39000,1,"62221",57,0,2017,2,"",1,1427,1422,1436,26358740,0,0,1420,"",8.28,6.67,6.64,6.71,7.3,0,0,1.09,"",0,0,40,2.9,24,1.7,45,3.2,4385408,20,0,0,0,0,206,17
"103",39000,1,"622210",58,0,2017,2,"",1,1427,1422,1436,26358740,0,0,1420,"",8.28,6.67,6.64,6.71,7.3,0,0,1.09,"",0,0,40,2.9,24,1.7,45,3.2,4385408,20,0,0,0,0,206,17
"104",39000,1,"624",55,0,2017,2,"",6,244,253,251,1772527,0,0,547,"",0.6,0.42,0.43,0.42,0.4,0,0,0.93,"",1,20,75,44.4,88,53.3,78,45.1,492029,38.4,0,0,0,0,-36,-6.2
"105",39000,1,"6241",56,0,2017,2,"",2,4,4,4,59008,0,0,1135,"",0.51,0.05,0.04,0.04,0.07,0,0,1.7,"",1,100,3,300,3,300,3,300,37873,179.2,0,0,0,0,-491,-30.2
"106",39000,1,"62419",57,0,2017,2,"",2,4,4,4,59008,0,0,1135,"",0.99,0.07,0.07,0.07,0.12,0,0,1.68,"",1,100,3,300,3,300,3,300,37873,179.2,0,0,0,0,-491,-30.2
"107",39000,1,"624190",58,0,2017,2,"",2,4,4,4,59008,0,0,1135,"",0.99,0.07,0.07,0.07,0.12,0,0,1.68,"",1,100,3,300,3,300,3,300,37873,179.2,0,0,0,0,-491,-30.2
"108",39000,1,"6243",56,0,2017,2,"",2,15,15,14,257983,0,0,1353,"",1.05,0.19,0.19,0.18,0.22,0,0,1.18,"",0,0,-3,-16.7,-2,-11.8,-2,-12.5,-17757,-6.4,0,0,0,0,105,8.4
"109",39000,1,"62431",57,0,2017,2,"",2,15,15,14,257983,0,0,1353,"",1.05,0.19,0.19,0.18,0.22,0,0,1.18,"",0,0,-3,-16.7,-2,-11.8,-2,-12.5,-17757,-6.4,0,0,0,0,105,8.4
"110",39000,1,"624310",58,0,2017,2,"",2,15,15,14,257983,0,0,1353,"",1.05,0.19,0.19,0.18,0.22,0,0,1.18,"",0,0,-3,-16.7,-2,-11.8,-2,-12.5,-17757,-6.4,0,0,0,0,105,8.4
"111",39000,1,"6244",56,0,2017,2,"",2,225,234,233,1455536,0,0,485,"",0.53,0.56,0.58,0.56,0.59,0,0,1.04,"",0,0,75,50,87,59.2,77,49.4,471913,48,0,0,0,0,-16,-3.2
"112",39000,1,"62441",57,0,2017,2,"",2,225,234,233,1455536,0,0,485,"",0.53,0.56,0.58,0.56,0.59,0,0,1.04,"",0,0,75,50,87,59.2,77,49.4,471913,48,0,0,0,0,-16,-3.2
"113",39000,1,"624410",58,0,2017,2,"",2,225,234,233,1455536,0,0,485,"",0.53,0.56,0.58,0.56,0.59,0,0,1.04,"",0,0,75,50,87,59.2,77,49.4,471913,48,0,0,0,0,-16,-3.2
"114",39000,1,"71",54,0,2017,2,"",21,321,359,386,3667789,0,0,794,"",0.61,0.24,0.24,0.24,0.22,0,0,0.94,"",0,0,-21,-6.1,-9,-2.4,-19,-4.7,-55925,-1.5,0,0,0,0,23,3
"115",39000,1,"711",55,0,2017,2,"",1,6,6,6,59501,0,0,763,"",3.68,0.2,0.18,0.21,0.09,0,0,0.48,"",0,0,0,0,0,0,0,0,-7856,-11.7,0,0,0,0,-101,-11.7
"116",39000,1,"7113",56,0,2017,2,"",1,6,6,6,59501,0,0,763,"",11.04,3.04,3.03,3.03,1.49,0,0,0.49,"",0,0,0,0,0,0,0,0,-7856,-11.7,0,0,0,0,-101,-11.7
"117",39000,1,"71132",57,0,2017,2,"",1,6,6,6,59501,0,0,763,"",16.57,22.98,22.91,22.95,28.93,0,0,1.26,"",0,0,0,0,0,0,0,0,-7856,-11.7,0,0,0,0,-101,-11.7
"118",39000,1,"711320",58,0,2017,2,"",1,6,6,6,59501,0,0,763,"",16.57,22.98,22.91,22.95,28.93,0,0,1.26,"",0,0,0,0,0,0,0,0,-7856,-11.7,0,0,0,0,-101,-11.7
"119",39000,1,"712",55,0,2017,2,"",11,215,249,274,3085004,0,0,965,"",0.65,0.27,0.28,0.28,0.25,0,0,0.91,"",0,0,-24,-10,-3,-1.2,-13,-4.5,7946,0.3,0,0,0,0,52,5.7
"120",39000,1,"7121",56,0,2017,2,"",11,215,249,274,3085004,0,0,965,"",0.65,0.27,0.28,0.28,0.25,0,0,0.91,"",0,0,-24,-10,-3,-1.2,-13,-4.5,7946,0.3,0,0,0,0,52,5.7
"121",39000,1,"71211",57,0,2017,2,"-",0,0,0,0,0,0,0,0,"N",0,0,0,0,0,0,0,0,"N",0,0,0,0,0,0,0,0,0,0,0,0,0,0,0,0
"122",39000,1,"712110",58,0,2017,2,"-",0,0,0,0,0,0,0,0,"N",0,0,0,0,0,0,0,0,"N",0,0,0,0,0,0,0,0,0,0,0,0,0,0,0,0
"123",39000,1,"71212",57,0,2017,2,"",1,0,0,0,0,0,0,0,"",1.51,0,0,0,0,0,0,0,"",0,0,-1,-100,-1,-100,-1,-100,-27293,-100,0,0,0,0,-2099,-100
"124",39000,1,"712120",58,0,2017,2,"",1,0,0,0,0,0,0,0,"",1.51,0,0,0,0,0,0,0,"",0,0,-1,-100,-1,-100,-1,-100,-27293,-100,0,0,0,0,-2099,-100
"125",39000,1,"71219",57,0,2017,2,"",10,215,249,274,3085004,0,0,965,"",0.65,0.4,0.39,0.37,0.38,0,0,0.99,"",0,0,-23,-9.7,-2,-0.8,-12,-4.2,35239,1.2,0,0,0,0,57,6.3
"126",39000,1,"712190",58,0,2017,2,"",10,215,249,274,3085004,0,0,965,"",0.65,0.4,0.39,0.37,0.38,0,0,0.99,"",0,0,-23,-9.7,-2,-0.8,-12,-4.2,35239,1.2,0,0,0,0,57,6.3
"127",39000,1,"713",55,0,2017,2,"",9,100,104,106,523284,0,0,390,"",0.52,0.18,0.19,0.18,0.15,0,0,0.83,"",0,0,3,3.1,-6,-5.5,-6,-5.4,-56015,-9.7,0,0,0,0,-29,-6.9
"128",39000,1,"7139",56,0,2017,2,"",9,100,104,106,523284,0,0,390,"",0.53,0.19,0.19,0.18,0.15,0,0,0.83,"",0,0,3,3.1,-6,-5.5,-6,-5.4,-56015,-9.7,0,0,0,0,-29,-6.9
"129",39000,1,"71391",57,0,2017,2,"",2,41,44,47,176996,0,0,309,"",0.8,0.62,0.61,0.62,0.5,0,0,0.81,"",0,0,5,13.9,-1,-2.2,-2,-4.1,-40966,-18.8,0,0,0,0,-78,-20.2
"130",39000,1,"713910",58,0,2017,2,"",2,41,44,47,176996,0,0,309,"",0.8,0.62,0.61,0.62,0.5,0,0,0.81,"",0,0,5,13.9,-1,-2.2,-2,-4.1,-40966,-18.8,0,0,0,0,-78,-20.2
"131",39000,1,"71394",57,0,2017,2,"",2,14,16,16,87187,0,0,437,"",0.39,0.07,0.08,0.07,0.07,0,0,0.87,"",0,0,1,7.7,1,6.7,2,14.3,9379,12.1,0,0,0,0,9,2.1
"132",39000,1,"713940",58,0,2017,2,"",2,14,16,16,87187,0,0,437,"",0.39,0.07,0.08,0.07,0.07,0,0,0.87,"",0,0,1,7.7,1,6.7,2,14.3,9379,12.1,0,0,0,0,9,2.1
"133",39000,1,"71395",57,0,2017,2,"",1,14,12,12,40107,0,0,244,"",0.33,0.31,0.27,0.26,0.2,0,0,0.71,"",0,0,3,27.3,2,20,2,20,-3581,-8.2,0,0,0,0,-81,-24.9
"134",39000,1,"713950",58,0,2017,2,"",1,14,12,12,40107,0,0,244,"",0.33,0.31,0.27,0.26,0.2,0,0,0.71,"",0,0,3,27.3,2,20,2,20,-3581,-8.2,0,0,0,0,-81,-24.9
"135",39000,1,"71399",57,0,2017,2,"",4,31,32,31,218994,0,0,538,"",0.67,0.13,0.13,0.13,0.14,0,0,1.08,"",0,0,-6,-16.2,-8,-20,-8,-20.5,-20847,-8.7,0,0,0,0,61,12.8
"136",39000,1,"713990",58,0,2017,2,"",4,31,32,31,218994,0,0,538,"",0.67,0.13,0.13,0.13,0.14,0,0,1.08,"",0,0,-6,-16.2,-8,-20,-8,-20.5,-20847,-8.7,0,0,0,0,61,12.8
"137",39000,1,"72",54,0,2017,2,"",6,162,164,167,756627,0,0,354,"",0.51,0.45,0.46,0.46,0.37,0,0,0.81,"",0,0,-4,-2.4,-13,-7.3,-6,-3.5,-154578,-17,0,0,0,0,-54,-13.2
"138",39000,1,"721",55,0,2017,2,"",3,93,94,92,431703,0,0,357,"",0.49,0.46,0.46,0.45,0.35,0,0,0.76,"",0,0,1,1.1,1,1.1,-1,-1.1,-72383,-14.4,0,0,0,0,-61,-14.6
"139",39000,1,"7211",56,0,2017,2,"",2,91,91,89,413431,0,0,352,"",0.54,0.6,0.6,0.58,0.45,0,0,0.76,"",0,0,0,0,-1,-1.1,-3,-3.3,-83895,-16.9,0,0,0,0,-65,-15.6
"140",39000,1,"72119",57,0,2017,2,"",2,91,91,89,413431,0,0,352,"",0.8,0.95,0.94,0.91,0.98,0,0,1.04,"",0,0,0,0,-1,-1.1,-3,-3.3,-83895,-16.9,0,0,0,0,-65,-15.6
"141",39000,1,"721199",58,0,2017,2,"",2,91,91,89,413431,0,0,352,"",0.81,0.96,0.96,0.93,1,0,0,1.05,"",0,0,0,0,-1,-1.1,-3,-3.3,-83895,-16.9,0,0,0,0,-65,-15.6
"142",39000,1,"7212",56,0,2017,2,"",1,2,3,3,18272,0,0,527,"",0.57,0.3,0.43,0.42,0.52,0,0,1.33,"",0,0,1,100,2,200,2,200,11512,170.3,0,0,0,0,7,1.3
"143",39000,1,"72121",57,0,2017,2,"",1,2,3,3,18272,0,0,527,"",0.57,0.3,0.43,0.42,0.52,0,0,1.33,"",0,0,1,100,2,200,2,200,11512,170.3,0,0,0,0,7,1.3
"144",39000,1,"721211",58,0,2017,2,"",1,2,3,3,18272,0,0,527,"",0.57,0.3,0.43,0.42,0.52,0,0,1.33,"",0,0,1,100,2,200,2,200,11512,170.3,0,0,0,0,7,1.3
"145",39000,1,"722",55,0,2017,2,"",3,69,70,75,324924,0,0,350,"",0.53,0.45,0.45,0.48,0.41,0,0,0.9,"",0,0,-5,-6.8,-14,-16.7,-5,-6.2,-82195,-20.2,0,0,0,0,-45,-11.4
"146",39000,1,"7225",56,0,2017,2,"",3,69,70,75,324924,0,0,350,"",0.56,0.49,0.49,0.52,0.46,0,0,0.91,"",0,0,-5,-6.8,-14,-16.7,-5,-6.2,-82195,-20.2,0,0,0,0,-45,-11.4
"147",39000,1,"72251",57,0,2017,2,"",3,69,70,75,324924,0,0,350,"",0.56,0.49,0.49,0.52,0.46,0,0,0.91,"",0,0,-5,-6.8,-14,-16.7,-5,-6.2,-82195,-20.2,0,0,0,0,-45,-11.4
"148",39000,1,"722511",58,0,2017,2,"",2,53,57,59,276218,0,0,377,"",0.57,0.5,0.53,0.55,0.53,0,0,1,"",0,0,-8,-13.1,-13,-18.6,-6,-9.2,-77100,-21.8,0,0,0,0,-39,-9.4
"149",39000,1,"722515",58,0,2017,2,"",1,16,13,16,48706,0,0,250,"",0.87,2.51,2.11,2.56,1.96,0,0,0.82,"",0,0,3,23.1,-1,-7.1,1,6.7,-5095,-9.5,0,0,0,0,-46,-15.5
"150",39000,1,"81",54,0,2017,2,"",3,33,34,33,497754,0,0,1149,"",0.58,0.19,0.2,0.19,0.24,0,0,1.21,"",0,0,0,0,-3,-8.1,-4,-10.8,130450,35.5,0,0,0,0,357,45.1
"151",39000,1,"811",55,0,2017,2,"",1,1,1,1,1043,0,0,80,"",0.79,0.05,0.05,0.05,0,0,0,0.05,"",0,0,0,0,0,0,0,0,-1385,-57,0,0,0,0,-107,-57.2
"152",39000,1,"8111",56,0,2017,2,"",1,1,1,1,1043,0,0,80,"",0.83,0.15,0.15,0.15,0.02,0,0,0.16,"",0,0,0,0,0,0,0,0,-1385,-57,0,0,0,0,-107,-57.2
"153",39000,1,"81119",57,0,2017,2,"",1,1,1,1,1043,0,0,80,"",3.68,0.52,0.53,0.5,0.12,0,0,0.23,"",0,0,0,0,0,0,0,0,-1385,-57,0,0,0,0,-107,-57.2
"154",39000,1,"811192",58,0,2017,2,"",1,1,1,1,1043,0,0,80,"",3.68,0.52,0.53,0.5,0.12,0,0,0.23,"",0,0,0,0,0,0,0,0,-1385,-57,0,0,0,0,-107,-57.2
"155",39000,1,"812",55,0,2017,2,"",2,32,33,32,496711,0,0,1182,"",0.74,0.62,0.63,0.61,0.73,0,0,1.17,"",0,0,0,0,-3,-8.3,-4,-11.1,131835,36.1,0,0,0,0,372,45.9
"156",39000,1,"8122",56,0,2017,2,"",2,32,33,32,496711,0,0,1182,"",0.84,0.64,0.64,0.62,0.73,0,0,1.16,"",0,0,0,0,-3,-8.3,-4,-11.1,131835,36.1,0,0,0,0,372,45.9
"157",39000,1,"81222",57,0,2017,2,"",2,32,33,32,496711,0,0,1182,"",0.84,0.64,0.64,0.62,0.73,0,0,1.16,"",0,0,0,0,-3,-8.3,-4,-11.1,131835,36.1,0,0,0,0,372,45.9
"158",39000,1,"812220",58,0,2017,2,"",2,32,33,32,496711,0,0,1182,"",0.84,0.64,0.64,0.62,0.73,0,0,1.16,"",0,0,0,0,-3,-8.3,-4,-11.1,131835,36.1,0,0,0,0,372,45.9
"159",39000,1,"92",54,0,2017,2,"",639,41044,40886,41209,898163470,0,0,1683,"",0.88,0.73,0.72,0.72,0.81,0,0,1.12,"",-3,-0.5,499,1.2,248,0.6,144,0.4,109872825,13.9,0,0,0,0,195,13.1
"160",39000,1,"921",55,0,2017,2,"",60,2092,2102,2081,41082775,0,0,1511,"",0.88,0.36,0.36,0.36,0.41,0,0,1.13,"",4,7.1,-72,-3.3,-63,-2.9,-71,-3.3,-903519,-2.2,0,0,0,0,16,1.1
"161",39000,1,"9211",56,0,2017,2,"",60,2092,2102,2081,41082775,0,0,1511,"",0.88,0.36,0.36,0.36,0.41,0,0,1.13,"",4,7.1,-72,-3.3,-63,-2.9,-71,-3.3,-903519,-2.2,0,0,0,0,16,1.1
"162",39000,1,"92113",57,0,2017,2,"",15,1847,1858,1833,36050553,0,0,1502,"",0.89,0.49,0.5,0.5,0.57,0,0,1.14,"",0,0,-70,-3.7,-63,-3.3,-66,-3.5,-1067006,-2.9,0,0,0,0,9,0.6
"163",39000,1,"921130",58,0,2017,2,"",15,1847,1858,1833,36050553,0,0,1502,"",0.89,0.49,0.5,0.5,0.57,0,0,1.14,"",0,0,-70,-3.7,-63,-3.3,-66,-3.5,-1067006,-2.9,0,0,0,0,9,0.6
"164",39000,1,"92119",57,0,2017,2,"",45,245,244,248,5032222,0,0,1576,"",0.88,0.18,0.17,0.18,0.19,0,0,1.08,"",4,9.8,-2,-0.8,0,0,-5,-2,163487,3.4,0,0,0,0,66,4.4
"165",39000,1,"921190",58,0,2017,2,"",45,245,244,248,5032222,0,0,1576,"",0.88,0.18,0.17,0.18,0.19,0,0,1.08,"",4,9.8,-2,-0.8,0,0,-5,-2,163487,3.4,0,0,0,0,66,4.4
"166",39000,1,"922",55,0,2017,2,"",76,2912,2926,2921,66032451,0,0,1740,"",0.73,0.31,0.31,0.31,0.33,0,0,1.07,"",-1,-1.3,36,1.3,49,1.7,42,1.5,4297633,7,0,0,0,0,90,5.5
"167",39000,1,"9221",56,0,2017,2,"",76,2912,2926,2921,66032451,0,0,1740,"",0.73,0.31,0.31,0.31,0.33,0,0,1.07,"",-1,-1.3,36,1.3,49,1.7,42,1.5,4297633,7,0,0,0,0,90,5.5
"168",39000,1,"92211",57,0,2017,2,"",12,896,891,896,21497363,0,0,1849,"",0.65,0.72,0.71,0.71,0.79,0,0,1.11,"",0,0,-3,-0.3,-4,-0.4,-1,-0.1,3035037,16.4,0,0,0,0,266,16.8
"169",39000,1,"922110",58,0,2017,2,"",12,896,891,896,21497363,0,0,1849,"",0.65,0.72,0.71,0.71,0.79,0,0,1.11,"",0,0,-3,-0.3,-4,-0.4,-1,-0.1,3035037,16.4,0,0,0,0,266,16.8
"170",39000,1,"92212",57,0,2017,2,"",44,1234,1252,1245,29108855,0,0,1800,"",0.82,0.24,0.24,0.24,0.25,0,0,1.04,"",-1,-2.2,33,2.7,41,3.4,29,2.4,1061163,3.8,0,0,0,0,16,0.9
"171",39000,1,"922120",58,0,2017,2,"",44,1234,1252,1245,29108855,0,0,1800,"",0.82,0.24,0.24,0.24,0.25,0,0,1.04,"",-1,-2.2,33,2.7,41,3.4,29,2.4,1061163,3.8,0,0,0,0,16,0.9
"172",39000,1,"92213",57,0,2017,2,"",8,330,334,324,7922910,0,0,1851,"",0.81,0.42,0.42,0.41,0.42,0,0,1,"",0,0,5,1.5,10,3.1,-1,-0.3,199071,2.6,0,0,0,0,21,1.1
"173",39000,1,"922130",58,0,2017,2,"",8,330,334,324,7922910,0,0,1851,"",0.81,0.42,0.42,0.41,0.42,0,0,1,"",0,0,5,1.5,10,3.1,-1,-0.3,199071,2.6,0,0,0,0,21,1.1
"174",39000,1,"92214",57,0,2017,2,"",2,371,365,364,6231587,0,0,1307,"",0.51,0.26,0.26,0.26,0.3,0,0,1.14,"",0,0,0,0,-7,-1.9,-3,-0.8,-1576,0,0,0,0,0,11,0.8
"175",39000,1,"922140",58,0,2017,2,"",2,371,365,364,6231587,0,0,1307,"",0.51,0.26,0.26,0.26,0.3,0,0,1.14,"",0,0,0,0,-7,-1.9,-3,-0.8,-1576,0,0,0,0,0,11,0.8
"176",39000,1,"92219",57,0,2017,2,"",10,81,84,92,1271736,0,0,1142,"",0.53,0.09,0.1,0.1,0.07,0,0,0.76,"",0,0,1,1.2,9,12,18,24.3,3938,0.3,0,0,0,0,-136,-10.6
"177",39000,1,"922190",58,0,2017,2,"",10,81,84,92,1271736,0,0,1142,"",0.53,0.09,0.1,0.1,0.07,0,0,0.76,"",0,0,1,1.2,9,12,18,24.3,3938,0.3,0,0,0,0,-136,-10.6
"178",39000,1,"923",55,0,2017,2,"",76,3739,3778,3775,77572800,0,0,1585,"",0.97,0.54,0.54,0.54,0.55,0,0,1.01,"",0,0,66,1.8,99,2.7,56,1.5,9723855,14.3,0,0,0,0,171,12.1
"179",39000,1,"9231",56,0,2017,2,"",76,3739,3778,3775,77572800,0,0,1585,"",0.97,0.54,0.54,0.54,0.55,0,0,1.01,"",0,0,66,1.8,99,2.7,56,1.5,9723855,14.3,0,0,0,0,171,12.1
"180",39000,1,"92311",57,0,2017,2,"",1,37,37,37,846428,0,0,1760,"",0.31,0.23,0.21,0.21,0.22,0,0,0.99,"",0,0,3,8.8,-1,-2.6,-2,-5.1,37936,4.7,0,0,0,0,79,4.7
"181",39000,1,"923110",58,0,2017,2,"",1,37,37,37,846428,0,0,1760,"",0.31,0.23,0.21,0.21,0.22,0,0,0.99,"",0,0,3,8.8,-1,-2.6,-2,-5.1,37936,4.7,0,0,0,0,79,4.7
"182",39000,1,"92312",57,0,2017,2,"",12,381,393,394,9366320,0,0,1851,"",0.67,0.17,0.17,0.17,0.17,0,0,1.02,"",1,9.1,8,2.1,29,8,27,7.4,1449586,18.3,0,0,0,0,196,11.8
"183",39000,1,"923120",58,0,2017,2,"",12,381,393,394,9366320,0,0,1851,"",0.67,0.17,0.17,0.17,0.17,0,0,1.02,"",1,9.1,8,2.1,29,8,27,7.4,1449586,18.3,0,0,0,0,196,11.8
"184",39000,1,"92313",57,0,2017,2,"",53,1680,1684,1686,31928155,0,0,1459,"",1.15,0.64,0.64,0.64,0.68,0,0,1.07,"",-1,-1.9,-74,-4.2,-69,-3.9,-79,-4.5,1238004,4,0,0,0,0,116,8.6
"185",39000,1,"923130",58,0,2017,2,"",53,1680,1684,1686,31928155,0,0,1459,"",1.15,0.64,0.64,0.64,0.68,0,0,1.07,"",-1,-1.9,-74,-4.2,-69,-3.9,-79,-4.5,1238004,4,0,0,0,0,116,8.6
"186",39000,1,"92314",57,0,2017,2,"",10,1641,1664,1658,35431897,0,0,1648,"",0.87,0.88,0.89,0.88,0.95,0,0,1.08,"",0,0,129,8.5,140,9.2,110,7.1,6998329,24.6,0,0,0,0,217,15.2
"187",39000,1,"923140",58,0,2017,2,"",10,1641,1664,1658,35431897,0,0,1648,"",0.87,0.88,0.89,0.88,0.95,0,0,1.08,"",0,0,129,8.5,140,9.2,110,7.1,6998329,24.6,0,0,0,0,217,15.2
"188",39000,1,"924",55,0,2017,2,"",95,1065,1073,1102,22900010,0,0,1631,"",0.57,0.3,0.29,0.27,0.37,0,0,1.28,"",-1,-1,21,2,26,2.5,22,2,705432,3.2,0,0,0,0,16,1
"189",39000,1,"9241",56,0,2017,2,"",95,1065,1073,1102,22900010,0,0,1631,"",0.57,0.3,0.29,0.27,0.37,0,0,1.28,"",-1,-1,21,2,26,2.5,22,2,705432,3.2,0,0,0,0,16,1
"190",39000,1,"92411",57,0,2017,2,"",11,625,623,625,15425922,0,0,1901,"",1.34,0.96,0.96,0.96,1.02,0,0,1.06,"",-1,-8.3,18,3,16,2.6,10,1.6,521361,3.5,0,0,0,0,20,1.1
"191",39000,1,"924110",58,0,2017,2,"",11,625,623,625,15425922,0,0,1901,"",1.34,0.96,0.96,0.96,1.02,0,0,1.06,"",-1,-8.3,18,3,16,2.6,10,1.6,521361,3.5,0,0,0,0,20,1.1
"192",39000,1,"92412",57,0,2017,2,"",84,440,450,477,7474088,0,0,1262,"",0.53,0.15,0.15,0.14,0.16,0,0,1.09,"",0,0,3,0.7,10,2.3,12,2.6,184071,2.5,0,0,0,0,8,0.6
"193",39000,1,"924120",58,0,2017,2,"",84,440,450,477,7474088,0,0,1262,"",0.53,0.15,0.15,0.14,0.16,0,0,1.09,"",0,0,3,0.7,10,2.3,12,2.6,184071,2.5,0,0,0,0,8,0.6
"194",39000,1,"925",55,0,2017,2,"",5,127,130,127,3109344,0,0,1869,"",1.09,0.36,0.37,0.36,0.39,0,0,1.07,"",0,0,-5,-3.8,-2,-1.5,-3,-2.3,-70546,-2.2,0,0,0,0,7,0.4
"195",39000,1,"9251",56,0,2017,2,"",5,127,130,127,3109344,0,0,1869,"",1.09,0.36,0.37,0.36,0.39,0,0,1.07,"",0,0,-5,-3.8,-2,-1.5,-3,-2.3,-70546,-2.2,0,0,0,0,7,0.4
"196",39000,1,"92511",57,0,2017,2,"",5,127,130,127,3109344,0,0,1869,"",1.67,0.41,0.42,0.41,0.43,0,0,1.04,"",0,0,-5,-3.8,-2,-1.5,-3,-2.3,-70546,-2.2,0,0,0,0,7,0.4
"197",39000,1,"925110",58,0,2017,2,"",5,127,130,127,3109344,0,0,1869,"",1.67,0.41,0.42,0.41,0.43,0,0,1.04,"",0,0,-5,-3.8,-2,-1.5,-3,-2.3,-70546,-2.2,0,0,0,0,7,0.4
"198",39000,1,"926",55,0,2017,2,"",260,4325,4201,4257,82158749,0,0,1483,"",1.12,0.48,0.47,0.47,0.49,0,0,1.03,"",-3,-1.1,33,0.8,-35,-0.8,2,0,2414425,3,0,0,0,0,43,3
"199",39000,1,"9261",56,0,2017,2,"",260,4325,4201,4257,82158749,0,0,1483,"",1.12,0.48,0.47,0.47,0.49,0,0,1.03,"",-3,-1.1,33,0.8,-35,-0.8,2,0,2414425,3,0,0,0,0,43,3
"200",39000,1,"92611",57,0,2017,2,"",55,418,412,409,6396957,0,0,1191,"",0.96,0.27,0.26,0.26,0.21,0,0,0.81,"",-2,-3.5,-7,-1.6,-30,-6.8,-36,-8.1,-117350,-1.8,0,0,0,0,45,3.9
"201",39000,1,"926110",58,0,2017,2,"",55,418,412,409,6396957,0,0,1191,"",0.96,0.27,0.26,0.26,0.21,0,0,0.81,"",-2,-3.5,-7,-1.6,-30,-6.8,-36,-8.1,-117350,-1.8,0,0,0,0,45,3.9
"202",39000,1,"92612",57,0,2017,2,"",39,2164,2150,2163,44924057,0,0,1601,"",0.92,0.53,0.53,0.53,0.65,0,0,1.23,"",0,0,50,2.4,26,1.2,34,1.6,848789,1.9,0,0,0,0,4,0.3
"203",39000,1,"926120",58,0,2017,2,"",39,2164,2150,2163,44924057,0,0,1601,"",0.92,0.53,0.53,0.53,0.65,0,0,1.23,"",0,0,50,2.4,26,1.2,34,1.6,848789,1.9,0,0,0,0,4,0.3
"204",39000,1,"92613",57,0,2017,2,"",6,16,14,16,337273,0,0,1692,"",0.95,0.04,0.04,0.04,0.03,0,0,0.83,"",-1,-14.3,3,23.1,1,7.7,4,33.3,69079,25.8,0,0,0,0,63,3.9
"205",39000,1,"926130",58,0,2017,2,"",6,16,14,16,337273,0,0,1692,"",0.95,0.04,0.04,0.04,0.03,0,0,0.83,"",-1,-14.3,3,23.1,1,7.7,4,33.3,69079,25.8,0,0,0,0,63,3.9
"206",39000,1,"92614",57,0,2017,2,"",124,948,843,916,12841585,0,0,1095,"",1.23,0.55,0.5,0.53,0.46,0,0,0.88,"",0,0,-20,-2.1,-41,-4.6,20,2.2,616139,5,0,0,0,0,68,6.6
"207",39000,1,"926140",58,0,2017,2,"",124,948,843,916,12841585,0,0,1095,"",1.23,0.55,0.5,0.53,0.46,0,0,0.88,"",0,0,-20,-2.1,-41,-4.6,20,2.2,616139,5,0,0,0,0,68,6.6
"208",39000,1,"92615",57,0,2017,2,"",36,779,782,753,17658877,0,0,1761,"",1.36,0.63,0.63,0.61,0.57,0,0,0.91,"",0,0,7,0.9,9,1.2,-20,-2.6,997768,6,0,0,0,0,102,6.1
"209",39000,1,"926150",58,0,2017,2,"",36,779,782,753,17658877,0,0,1761,"",1.36,0.63,0.63,0.61,0.57,0,0,0.91,"",0,0,7,0.9,9,1.2,-20,-2.6,997768,6,0,0,0,0,102,6.1
"210",39000,1,"927",55,0,2017,2,"",7,1565,1565,1602,40594714,0,0,1980,"",2.34,2.42,2.42,2.46,2.51,0,0,1.03,"",0,0,60,4,47,3.1,51,3.3,1348055,3.4,0,0,0,0,0,0
"211",39000,1,"9271",56,0,2017,2,"",7,1565,1565,1602,40594714,0,0,1980,"",2.34,2.42,2.42,2.46,2.51,0,0,1.03,"",0,0,60,4,47,3.1,51,3.3,1348055,3.4,0,0,0,0,0,0
"212",39000,1,"92711",57,0,2017,2,"",7,1565,1565,1602,40594714,0,0,1980,"",2.34,2.42,2.42,2.46,2.51,0,0,1.03,"",0,0,60,4,47,3.1,51,3.3,1348055,3.4,0,0,0,0,0,0
"213",39000,1,"927110",58,0,2017,2,"",7,1565,1565,1602,40594714,0,0,1980,"",2.34,2.42,2.42,2.46,2.51,0,0,1.03,"",0,0,60,4,47,3.1,51,3.3,1348055,3.4,0,0,0,0,0,0
"214",39000,1,"928",55,0,2017,2,"",60,25219,25111,25344,564712627,0,0,1722,"",0.86,1.21,1.2,1.21,1.37,0,0,1.13,"",-2,-3.2,360,1.4,127,0.5,45,0.2,92357490,19.6,0,0,0,0,271,18.7
"215",39000,1,"9281",56,0,2017,2,"",60,25219,25111,25344,564712627,0,0,1722,"",0.86,1.21,1.2,1.21,1.37,0,0,1.13,"",-2,-3.2,360,1.4,127,0.5,45,0.2,92357490,19.6,0,0,0,0,271,18.7
"216",39000,1,"92811",57,0,2017,2,"",52,24958,24850,25079,558755362,0,0,1722,"",0.87,1.27,1.27,1.27,1.45,0,0,1.14,"",-1,-1.9,340,1.4,105,0.4,20,0.1,91922546,19.7,0,0,0,0,274,18.9
"217",39000,1,"928110",58,0,2017,2,"",52,24958,24850,25079,558755362,0,0,1722,"",0.87,1.27,1.27,1.27,1.45,0,0,1.14,"",-1,-1.9,340,1.4,105,0.4,20,0.1,91922546,19.7,0,0,0,0,274,18.9
"218",39000,1,"92812",57,0,2017,2,"",8,261,261,265,5957265,0,0,1747,"",0.78,0.21,0.21,0.21,0.22,0,0,1.05,"",-1,-11.1,20,8.3,22,9.2,25,10.4,434944,7.9,0,0,0,0,-23,-1.3
"219",39000,1,"928120",58,0,2017,2,"",8,261,261,265,5957265,0,0,1747,"",0.78,0.21,0.21,0.21,0.22,0,0,1.05,"",-1,-11.1,20,8.3,22,9.2,25,10.4,434944,7.9,0,0,0,0,-23,-1.3
"220",39000,2,"10",51,0,2017,2,"",1191,132833,131161,129129,2090980231,0,0,1227,"",0.57,0.76,0.75,0.75,0.93,0,0,1.23,"",25,2.1,1546,1.2,2091,1.6,3564,2.8,161957327,8.4,0,0,0,0,74,6.4
"221",39000,2,"102",52,0,2017,2,"",1191,132833,131161,129129,2090980231,0,0,1227,"",0.59,0.77,0.77,0.77,0.94,0,0,1.23,"",25,2.1,1546,1.2,2091,1.6,3564,2.8,161957327,8.4,0,0,0,0,74,6.4
"222",39000,2,"1021",53,0,2017,2,"",13,967,974,986,14471795,0,0,1141,"",0.45,0.44,0.44,0.44,0.47,0,0,1.09,"",0,0,6,0.6,-1,-0.1,-1,-0.1,2382963,19.7,0,0,0,0,187,19.6
"223",39000,2,"1022",53,0,2017,2,"N",2,0,0,0,0,0,0,0,"N",0.21,0,0,0,0,0,0,0,"N",0,0,0,0,0,0,0,0,0,0,0,0,0,0,0,0
"224",39000,2,"1023",53,0,2017,2,"",3,1245,1243,1244,24705147,0,0,1528,"",0.87,2.6,2.59,2.59,3.32,0,0,1.28,"",0,0,-48,-3.7,-45,-3.5,-43,-3.3,-985989,-3.8,0,0,0,0,-5,-0.3
"225",39000,2,"1024",53,0,2017,2,"",11,475,481,489,6718338,0,0,1073,"",0.36,0.4,0.41,0.41,0.4,0,0,0.99,"",-2,-15.4,-2,-0.4,6,1.3,14,2.9,-364852,-5.2,0,0,0,0,-72,-6.3
"226",39000,2,"1025",53,0,2017,2,"",128,83790,82055,79411,1280734254,0,0,1205,"",0.29,0.84,0.83,0.83,1,0,0,1.2,"",9,7.6,1661,2,1940,2.4,3485,4.6,34793734,2.8,0,0,0,0,-2,-0.2
"227",39000,2,"1026",53,0,2017,2,"N",1,0,0,0,0,0,0,0,"N",0.04,0,0,0,0,0,0,0,"N",0,0,0,0,0,0,0,0,0,0,0,0,0,0,0,0
"228",39000,2,"1027",53,0,2017,2,"N",1,0,0,0,0,0,0,0,"N",0.19,0,0,0,0,0,0,0,"N",0,0,0,0,0,0,0,0,0,0,0,0,0,0,0,0
"229",39000,2,"1028",53,0,2017,2,"",1032,46113,46154,46749,761899867,0,0,1265,"",0.69,0.69,0.69,0.69,0.88,0,0,1.27,"",18,1.8,-71,-0.2,191,0.4,119,0.3,125873626,19.8,0,0,0,0,207,19.6
"230",39000,2,"48-49",54,0,2017,2,"",13,967,974,986,14471795,0,0,1141,"",0.91,0.55,0.55,0.55,0.58,0,0,1.05,"",0,0,6,0.6,-1,-0.1,-1,-0.1,2382963,19.7,0,0,0,0,187,19.6
"231",39000,2,"488",55,0,2017,2,"",13,967,974,986,14471795,0,0,1141,"",1.12,1.45,1.45,1.44,1.72,0,0,1.19,"",0,0,6,0.6,-1,-0.1,-1,-0.1,2382963,19.7,0,0,0,0,187,19.6
"232",39000,2,"4884",56,0,2017,2,"",13,967,974,986,14471795,0,0,1141,"",2.14,2.06,2.05,2.04,2.39,0,0,1.17,"",0,0,6,0.6,-1,-0.1,-1,-0.1,2382963,19.7,0,0,0,0,187,19.6
"233",39000,2,"48849",57,0,2017,2,"",13,967,974,986,14471795,0,0,1141,"",2.14,2.06,2.05,2.04,2.39,0,0,1.17,"",0,0,6,0.6,-1,-0.1,-1,-0.1,2382963,19.7,0,0,0,0,187,19.6
"234",39000,2,"488490",58,0,2017,2,"",13,967,974,986,14471795,0,0,1141,"",2.14,2.06,2.05,2.04,2.39,0,0,1.17,"",0,0,6,0.6,-1,-0.1,-1,-0.1,2382963,19.7,0,0,0,0,187,19.6
"235",39000,2,"51",54,0,2017,2,"N",2,0,0,0,0,0,0,0,"N",0.21,0,0,0,0,0,0,0,"N",0,0,0,0,0,0,0,0,0,0,0,0,0,0,0,0
"236",39000,2,"519",55,0,2017,2,"N",2,0,0,0,0,0,0,0,"N",0.3,0,0,0,0,0,0,0,"N",0,0,0,0,0,0,0,0,0,0,0,0,0,0,0,0
"237",39000,2,"5191",56,0,2017,2,"N",2,0,0,0,0,0,0,0,"N",0.3,0,0,0,0,0,0,0,"N",0,0,0,0,0,0,0,0,0,0,0,0,0,0,0,0
"238",39000,2,"51912",57,0,2017,2,"N",2,0,0,0,0,0,0,0,"N",0.3,0,0,0,0,0,0,0,"N",0,0,0,0,0,0,0,0,0,0,0,0,0,0,0,0
"239",39000,2,"519120",58,0,2017,2,"N",2,0,0,0,0,0,0,0,"N",0.3,0,0,0,0,0,0,0,"N",0,0,0,0,0,0,0,0,0,0,0,0,0,0,0,0
"240",39000,2,"52",54,0,2017,2,"",3,1245,1243,1244,24705147,0,0,1528,"",1.13,2.7,2.69,2.69,3.43,0,0,1.27,"",0,0,-48,-3.7,-45,-3.5,-43,-3.3,-985989,-3.8,0,0,0,0,-5,-0.3
"241",39000,2,"524",55,0,2017,2,"",3,1245,1243,1244,24705147,0,0,1528,"",2.16,5.39,5.37,5.39,6.37,0,0,1.18,"",0,0,-48,-3.7,-45,-3.5,-43,-3.3,-985989,-3.8,0,0,0,0,-5,-0.3
"242",39000,2,"5242",56,0,2017,2,"",3,1245,1243,1244,24705147,0,0,1528,"",6.63,18.28,18.18,18.25,22.19,0,0,1.22,"",0,0,-48,-3.7,-45,-3.5,-43,-3.3,-985989,-3.8,0,0,0,0,-5,-0.3
"243",39000,2,"52429",57,0,2017,2,"",3,1245,1243,1244,24705147,0,0,1528,"N",7.65,0,0,0,0,0,0,0,"",0,0,-48,-3.7,-45,-3.5,-43,-3.3,-985989,-3.8,0,0,0,0,-5,-0.3
"244",39000,2,"524292",58,0,2017,2,"",3,1245,1243,1244,24705147,0,0,1528,"",11.04,20.71,20.63,20.66,24.41,0,0,1.18,"",0,0,-48,-3.7,-45,-3.5,-43,-3.3,-985989,-3.8,0,0,0,0,-5,-0.3
"245",39000,2,"54",54,0,2017,2,"",11,475,481,489,6718338,0,0,1073,"",0.78,0.57,0.58,0.58,0.53,0,0,0.91,"",-2,-15.4,-2,-0.4,6,1.3,14,2.9,-364852,-5.2,0,0,0,0,-72,-6.3
"246",39000,2,"541",55,0,2017,2,"",11,475,481,489,6718338,0,0,1073,"",0.78,0.57,0.58,0.58,0.53,0,0,0.91,"",-2,-15.4,-2,-0.4,6,1.3,14,2.9,-364852,-5.2,0,0,0,0,-72,-6.3
"247",39000,2,"5417",56,0,2017,2,"",11,475,481,489,6718338,0,0,1073,"",2.08,1.53,1.54,1.53,1.33,0,0,0.87,"",-2,-15.4,-2,-0.4,6,1.3,14,2.9,-364852,-5.2,0,0,0,0,-72,-6.3
"248",39000,2,"54171",57,0,2017,2,"",11,475,481,489,6718338,0,0,1073,"",2.21,1.55,1.55,1.55,1.34,0,0,0.87,"",-2,-15.4,-2,-0.4,6,1.3,14,2.9,-364852,-5.2,0,0,0,0,-72,-6.3
"249",39000,2,"541714",58,0,2017,2,"N",2,0,0,0,0,0,0,0,"N",16.57,0,0,0,0,0,0,0,"N",2,100,0,0,0,0,0,0,0,0,0,0,0,0,0,0
"250",39000,2,"541715",58,0,2017,2,"N",9,0,0,0,0,0,0,0,"N",1.88,0,0,0,0,0,0,0,"N",9,100,0,0,0,0,0,0,0,0,0,0,0,0,0,0
"251",39000,2,"61",54,0,2017,2,"",58,62514,60755,58134,998124653,0,0,1270,"",0.25,0.83,0.81,0.81,1.01,0,0,1.24,"",1,1.8,1082,1.8,1246,2.1,2954,5.4,29953043,3.1,0,0,0,0,1,0.1
"252",39000,2,"611",55,0,2017,2,"",58,62514,60755,58134,998124653,0,0,1270,"",0.25,0.83,0.81,0.81,1.01,0,0,1.24,"",1,1.8,1082,1.8,1246,2.1,2954,5.4,29953043,3.1,0,0,0,0,1,0.1
"253",39000,2,"6111",56,0,2017,2,"N",2,0,0,0,0,0,0,0,"N",0.08,0,0,0,0,0,0,0,"N",0,0,0,0,0,0,0,0,0,0,0,0,0,0,0,0
"254",39000,2,"61111",57,0,2017,2,"N",2,0,0,0,0,0,0,0,"N",0.08,0,0,0,0,0,0,0,"N",0,0,0,0,0,0,0,0,0,0,0,0,0,0,0,0
"255",39000,2,"611110",58,0,2017,2,"N",2,0,0,0,0,0,0,0,"N",0.08,0,0,0,0,0,0,0,"N",0,0,0,0,0,0,0,0,0,0,0,0,0,0,0,0
"256",39000,2,"6113",56,0,2017,2,"N",56,0,0,0,0,0,0,0,"N",0.32,0,0,0,0,0,0,0,"N",1,1.8,0,0,0,0,0,0,0,0,0,0,0,0,0,0
"257",39000,2,"61131",57,0,2017,2,"N",56,0,0,0,0,0,0,0,"N",0.32,0,0,0,0,0,0,0,"N",1,1.8,0,0,0,0,0,0,0,0,0,0,0,0,0,0
"258",39000,2,"611310",58,0,2017,2,"N",56,0,0,0,0,0,0,0,"N",0.32,0,0,0,0,0,0,0,"N",1,1.8,0,0,0,0,0,0,0,0,0,0,0,0,0,0
"259",39000,2,"62",54,0,2017,2,"",70,21276,21300,21277,282609601,0,0,1021,"",0.35,0.88,0.87,0.87,0.95,0,0,1.09,"",8,12.9,579,2.8,694,3.4,531,2.6,4840691,1.7,0,0,0,0,-12,-1.2
"260",39000,2,"621",55,0,2017,2,"N",32,0,0,0,0,0,0,0,"N",1.02,0,0,0,0,0,0,0,"N",-2,-5.9,0,0,0,0,0,0,0,0,0,0,0,0,0,0
"261",39000,2,"6211",56,0,2017,2,"",28,313,318,324,3840722,0,0,928,"",5.07,0.75,0.77,0.78,0.46,0,0,0.6,"",-2,-6.7,55,21.3,62,24.2,62,23.7,601781,18.6,0,0,0,0,-35,-3.6
"262",39000,2,"62111",57,0,2017,2,"",28,313,318,324,3840722,0,0,928,"",5.07,0.75,0.77,0.78,0.46,0,0,0.6,"",-2,-6.7,55,21.3,62,24.2,62,23.7,601781,18.6,0,0,0,0,-35,-3.6
"263",39000,2,"621111",58,0,2017,2,"",28,313,318,324,3840722,0,0,928,"",5.18,0.76,0.77,0.79,0.46,0,0,0.6,"",-2,-6.7,55,21.3,62,24.2,62,23.7,601781,18.6,0,0,0,0,-35,-3.6
"264",39000,2,"6213",56,0,2017,2,"",3,23,24,24,340044,0,0,1105,"",6.21,2.3,2.39,2.41,5.43,0,0,2.29,"",0,0,3,15,4,20,4,20,48282,16.5,0,0,0,0,-17,-1.5
"265",39000,2,"62134",57,0,2017,2,"",3,23,24,24,340044,0,0,1105,"",33.13,26.82,26.73,26.77,29.94,0,0,1.12,"",0,0,3,15,4,20,4,20,48282,16.5,0,0,0,0,-17,-1.5
"266",39000,2,"621340",58,0,2017,2,"",3,23,24,24,340044,0,0,1105,"",33.13,26.82,26.73,26.77,29.94,0,0,1.12,"",0,0,3,15,4,20,4,20,48282,16.5,0,0,0,0,-17,-1.5
"267",39000,2,"6214",56,0,2017,2,"N",1,0,0,0,0,0,0,0,"N",0.04,0,0,0,0,0,0,0,"N",0,0,0,0,0,0,0,0,0,0,0,0,0,0,0,0
"268",39000,2,"62149",57,0,2017,2,"N",1,0,0,0,0,0,0,0,"N",0.09,0,0,0,0,0,0,0,"N",0,0,0,0,0,0,0,0,0,0,0,0,0,0,0,0
"269",39000,2,"621498",58,0,2017,2,"N",1,0,0,0,0,0,0,0,"N",0.09,0,0,0,0,0,0,0,"N",0,0,0,0,0,0,0,0,0,0,0,0,0,0,0,0
"270",39000,2,"622",55,0,2017,2,"",9,17129,17150,17176,231747703,0,0,1039,"",0.21,1.24,1.23,1.23,1.22,0,0,0.99,"",0,0,692,4.2,764,4.7,683,4.1,-968623,-0.4,0,0,0,0,-50,-4.6
"271",39000,2,"6221",56,0,2017,2,"N",2,0,0,0,0,0,0,0,"N",0.61,0,0,0,0,0,0,0,"N",0,0,0,0,0,0,0,0,0,0,0,0,0,0,0,0
"272",39000,2,"62211",57,0,2017,2,"N",2,0,0,0,0,0,0,0,"N",0.61,0,0,0,0,0,0,0,"N",0,0,0,0,0,0,0,0,0,0,0,0,0,0,0,0
"273",39000,2,"622110",58,0,2017,2,"N",2,0,0,0,0,0,0,0,"N",0.61,0,0,0,0,0,0,0,"N",0,0,0,0,0,0,0,0,0,0,0,0,0,0,0,0
"274",39000,2,"6222",56,0,2017,2,"",6,2235,2242,2232,36002129,0,0,1238,"",0.18,0.5,0.51,0.51,0.68,0,0,1.35,"",0,0,26,1.2,62,2.8,28,1.3,5923168,19.7,0,0,0,0,185,17.6
"275",39000,2,"62221",57,0,2017,2,"",6,2235,2242,2232,36002129,0,0,1238,"",0.18,0.5,0.51,0.51,0.68,0,0,1.35,"",0,0,26,1.2,62,2.8,28,1.3,5923168,19.7,0,0,0,0,185,17.6
"276",39000,2,"622210",58,0,2017,2,"",6,2235,2242,2232,36002129,0,0,1238,"",0.18,0.5,0.51,0.51,0.68,0,0,1.35,"",0,0,26,1.2,62,2.8,28,1.3,5923168,19.7,0,0,0,0,185,17.6
"277",39000,2,"6223",56,0,2017,2,"N",1,0,0,0,0,0,0,0,"N",0.19,0,0,0,0,0,0,0,"N",0,0,0,0,0,0,0,0,0,0,0,0,0,0,0,0
"278",39000,2,"62231",57,0,2017,2,"N",1,0,0,0,0,0,0,0,"N",0.19,0,0,0,0,0,0,0,"N",0,0,0,0,0,0,0,0,0,0,0,0,0,0,0,0
"279",39000,2,"622310",58,0,2017,2,"N",1,0,0,0,0,0,0,0,"N",0.19,0,0,0,0,0,0,0,"N",0,0,0,0,0,0,0,0,0,0,0,0,0,0,0,0
"280",39000,2,"623",55,0,2017,2,"",28,3075,3077,3022,36322534,0,0,914,"",0.57,0.68,0.68,0.67,0.8,0,0,1.19,"",10,55.6,-104,-3.3,-68,-2.2,-146,-4.6,5659156,18.5,0,0,0,0,169,22.7
"281",39000,2,"6232",56,0,2017,2,"N",19,0,0,0,0,0,0,0,"N",0.69,0,0,0,0,0,0,0,"N",5,35.7,0,0,0,0,0,0,0,0,0,0,0,0,0,0
"282",39000,2,"62321",57,0,2017,2,"",18,2103,2111,2057,25085860,0,0,923,"",0.77,0.73,0.73,0.72,0.88,0,0,1.22,"",5,38.5,-111,-5,-68,-3.1,-151,-6.8,3633371,16.9,0,0,0,0,173,23.1
"283",39000,2,"623210",58,0,2017,2,"",18,2103,2111,2057,25085860,0,0,923,"",0.77,0.73,0.73,0.72,0.88,0,0,1.22,"",5,38.5,-111,-5,-68,-3.1,-151,-6.8,3633371,16.9,0,0,0,0,173,23.1
"284",39000,2,"62322",57,0,2017,2,"N",1,0,0,0,0,0,0,0,"N",0.24,0,0,0,0,0,0,0,"N",0,0,0,0,0,0,0,0,0,0,0,0,0,0,0,0
"285",39000,2,"623220",58,0,2017,2,"N",1,0,0,0,0,0,0,0,"N",0.24,0,0,0,0,0,0,0,"N",0,0,0,0,0,0,0,0,0,0,0,0,0,0,0,0
"286",39000,2,"6233",56,0,2017,2,"N",9,0,0,0,0,0,0,0,"N",1.01,0,0,0,0,0,0,0,"N",5,125,0,0,0,0,0,0,0,0,0,0,0,0,0,0
"287",39000,2,"62331",57,0,2017,2,"N",9,0,0,0,0,0,0,0,"N",1.01,0,0,0,0,0,0,0,"N",5,125,0,0,0,0,0,0,0,0,0,0,0,0,0,0
"288",39000,2,"623311",58,0,2017,2,"N",8,0,0,0,0,0,0,0,"N",13.95,0,0,0,0,0,0,0,"N",5,166.7,0,0,0,0,0,0,0,0,0,0,0,0,0,0
"289",39000,2,"623312",58,0,2017,2,"N",1,0,0,0,0,0,0,0,"N",0.12,0,0,0,0,0,0,0,"N",0,0,0,0,0,0,0,0,0,0,0,0,0,0,0,0
"290",39000,2,"624",55,0,2017,2,"N",1,0,0,0,0,0,0,0,"N",0.01,0,0,0,0,0,0,0,"N",0,0,0,0,0,0,0,0,0,0,0,0,0,0,0,0
"291",39000,2,"6243",56,0,2017,2,"N",1,0,0,0,0,0,0,0,"N",0.05,0,0,0,0,0,0,0,"N",0,0,0,0,0,0,0,0,0,0,0,0,0,0,0,0
"292",39000,2,"62431",57,0,2017,2,"N",1,0,0,0,0,0,0,0,"N",0.05,0,0,0,0,0,0,0,"N",0,0,0,0,0,0,0,0,0,0,0,0,0,0,0,0
"293",39000,2,"624310",58,0,2017,2,"N",1,0,0,0,0,0,0,0,"N",0.05,0,0,0,0,0,0,0,"N",0,0,0,0,0,0,0,0,0,0,0,0,0,0,0,0
"294",39000,2,"71",54,0,2017,2,"N",1,0,0,0,0,0,0,0,"N",0.04,0,0,0,0,0,0,0,"N",0,0,0,0,0,0,0,0,0,0,0,0,0,0,0,0
"295",39000,2,"713",55,0,2017,2,"N",1,0,0,0,0,0,0,0,"N",0.79,0,0,0,0,0,0,0,"N",0,0,0,0,0,0,0,0,0,0,0,0,0,0,0,0
"296",39000,2,"7139",56,0,2017,2,"N",1,0,0,0,0,0,0,0,"N",1.66,0,0,0,0,0,0,0,"N",0,0,0,0,0,0,0,0,0,0,0,0,0,0,0,0
"297",39000,2,"71391",57,0,2017,2,"N",1,0,0,0,0,0,0,0,"N",11.04,0,0,0,0,0,0,0,"N",0,0,0,0,0,0,0,0,0,0,0,0,0,0,0,0
"298",39000,2,"713910",58,0,2017,2,"N",1,0,0,0,0,0,0,0,"N",11.04,0,0,0,0,0,0,0,"N",0,0,0,0,0,0,0,0,0,0,0,0,0,0,0,0
"299",39000,2,"81",54,0,2017,2,"N",1,0,0,0,0,0,0,0,"N",0.19,0,0,0,0,0,0,0,"N",0,0,0,0,0,0,0,0,0,0,0,0,0,0,0,0
"300",39000,2,"812",55,0,2017,2,"N",1,0,0,0,0,0,0,0,"N",3.68,0,0,0,0,0,0,0,"N",0,0,0,0,0,0,0,0,0,0,0,0,0,0,0,0
"301",39000,2,"8129",56,0,2017,2,"N",1,0,0,0,0,0,0,0,"N",33.13,0,0,0,0,0,0,0,"N",0,0,0,0,0,0,0,0,0,0,0,0,0,0,0,0
"302",39000,2,"81293",57,0,2017,2,"N",1,0,0,0,0,0,0,0,"N",33.13,0,0,0,0,0,0,0,"N",0,0,0,0,0,0,0,0,0,0,0,0,0,0,0,0
"303",39000,2,"812930",58,0,2017,2,"N",1,0,0,0,0,0,0,0,"N",33.13,0,0,0,0,0,0,0,"N",0,0,0,0,0,0,0,0,0,0,0,0,0,0,0,0
"304",39000,2,"92",54,0,2017,2,"",1032,46113,46154,46749,761899867,0,0,1265,"",0.69,0.69,0.69,0.69,0.88,0,0,1.27,"",18,1.8,-71,-0.2,191,0.4,119,0.3,125873626,19.8,0,0,0,0,207,19.6
"305",39000,2,"921",55,0,2017,2,"",74,4760,4714,4643,80373091,0,0,1314,"",0.43,0.58,0.57,0.57,0.7,0,0,1.22,"",5,7.2,2,0,5,0.1,-34,-0.7,13173747,19.6,0,0,0,0,218,19.9
"306",39000,2,"9211",56,0,2017,2,"",74,4760,4714,4643,80373091,0,0,1314,"",0.43,0.58,0.57,0.57,0.7,0,0,1.22,"",5,7.2,2,0,5,0.1,-34,-0.7,13173747,19.6,0,0,0,0,218,19.9
"307",39000,2,"92111",57,0,2017,2,"N",1,0,0,0,0,0,0,0,"N",0.07,0,0,0,0,0,0,0,"N",0,0,0,0,0,0,0,0,0,0,0,0,0,0,0,0
"308",39000,2,"921110",58,0,2017,2,"N",1,0,0,0,0,0,0,0,"N",0.07,0,0,0,0,0,0,0,"N",0,0,0,0,0,0,0,0,0,0,0,0,0,0,0,0
"309",39000,2,"92112",57,0,2017,2,"N",5,0,0,0,0,0,0,0,"N",0.34,0,0,0,0,0,0,0,"N",0,0,0,0,0,0,0,0,0,0,0,0,0,0,0,0
"310",39000,2,"921120",58,0,2017,2,"N",5,0,0,0,0,0,0,0,"N",0.34,0,0,0,0,0,0,0,"N",0,0,0,0,0,0,0,0,0,0,0,0,0,0,0,0
"311",39000,2,"92113",57,0,2017,2,"",47,2878,2859,2783,50952390,0,0,1380,"",0.64,0.79,0.78,0.77,1,0,0,1.28,"",5,11.9,-3,-0.1,-3,-0.1,-44,-1.6,8453118,19.9,0,0,0,0,236,20.6
"312",39000,2,"921130",58,0,2017,2,"",47,2878,2859,2783,50952390,0,0,1380,"",0.64,0.79,0.78,0.77,1,0,0,1.28,"",5,11.9,-3,-0.1,-3,-0.1,-44,-1.6,8453118,19.9,0,0,0,0,236,20.6
"313",39000,2,"92119",57,0,2017,2,"",21,1078,1075,1099,18776419,0,0,1332,"",0.31,0.36,0.35,0.36,0.41,0,0,1.16,"",0,0,-15,-1.4,-16,-1.5,-12,-1.1,3115732,19.9,0,0,0,0,235,21.4
"314",39000,2,"921190",58,0,2017,2,"",21,1078,1075,1099,18776419,0,0,1332,"",0.31,0.36,0.35,0.36,0.41,0,0,1.16,"",0,0,-15,-1.4,-16,-1.5,-12,-1.1,3115732,19.9,0,0,0,0,235,21.4
"315",39000,2,"922",55,0,2017,2,"",298,19823,19843,19802,320410731,0,0,1243,"",0.69,0.75,0.75,0.75,0.93,0,0,1.24,"",6,2.1,-11,-0.1,102,0.5,49,0.2,51744011,19.3,0,0,0,0,198,18.9
"316",39000,2,"9221",56,0,2017,2,"",298,19823,19843,19802,320410731,0,0,1243,"",0.69,0.75,0.75,0.75,0.93,0,0,1.24,"",6,2.1,-11,-0.1,102,0.5,49,0.2,51744011,19.3,0,0,0,0,198,18.9
"317",39000,2,"92211",57,0,2017,2,"",95,1360,1363,1299,28349984,0,0,1627,"",0.8,0.37,0.37,0.35,0.53,0,0,1.46,"",0,0,-85,-5.9,-61,-4.3,-132,-9.2,820684,3,0,0,0,0,150,10.2
"318",39000,2,"922110",58,0,2017,2,"",95,1360,1363,1299,28349984,0,0,1627,"",0.8,0.37,0.37,0.35,0.53,0,0,1.46,"",0,0,-85,-5.9,-61,-4.3,-132,-9.2,820684,3,0,0,0,0,150,10.2
"319",39000,2,"92212",57,0,2017,2,"",63,4034,4024,4023,69766775,0,0,1333,"",0.81,1.08,1.07,1.07,1.11,0,0,1.03,"",0,0,74,1.9,100,2.5,87,2.2,13910181,24.9,0,0,0,0,242,22.2
"320",39000,2,"922120",58,0,2017,2,"",63,4034,4024,4023,69766775,0,0,1333,"",0.81,1.08,1.07,1.07,1.11,0,0,1.03,"",0,0,74,1.9,100,2.5,87,2.2,13910181,24.9,0,0,0,0,242,22.2
"321",39000,2,"92213",57,0,2017,2,"",27,1718,1715,1741,31033188,0,0,1384,"",0.44,0.77,0.77,0.78,1,0,0,1.3,"",6,28.6,-99,-5.4,-89,-4.9,-65,-3.6,3973549,14.7,0,0,0,0,233,20.2
"322",39000,2,"922130",58,0,2017,2,"",27,1718,1715,1741,31033188,0,0,1384,"",0.44,0.77,0.77,0.78,1,0,0,1.3,"",6,28.6,-99,-5.4,-89,-4.9,-65,-3.6,3973549,14.7,0,0,0,0,233,20.2
"323",39000,2,"92214",57,0,2017,2,"",108,12491,12521,12522,187645599,0,0,1154,"",0.9,0.83,0.83,0.83,1.07,0,0,1.29,"",0,0,96,0.8,150,1.2,163,1.3,32656801,21.1,0,0,0,0,191,19.8
"324",39000,2,"922140",58,0,2017,2,"",108,12491,12521,12522,187645599,0,0,1154,"",0.9,0.83,0.83,0.83,1.07,0,0,1.29,"",0,0,96,0.8,150,1.2,163,1.3,32656801,21.1,0,0,0,0,191,19.8
"325",39000,2,"92215",57,0,2017,2,"N",4,0,0,0,0,0,0,0,"N",0.14,0,0,0,0,0,0,0,"N",0,0,0,0,0,0,0,0,0,0,0,0,0,0,0,0
"326",39000,2,"922150",58,0,2017,2,"N",4,0,0,0,0,0,0,0,"N",0.14,0,0,0,0,0,0,0,"N",0,0,0,0,0,0,0,0,0,0,0,0,0,0,0,0
"327",39000,2,"92219",57,0,2017,2,"N",1,0,0,0,0,0,0,0,"N",0.05,0,0,0,0,0,0,0,"N",0,0,0,0,0,0,0,0,0,0,0,0,0,0,0,0
"328",39000,2,"922190",58,0,2017,2,"N",1,0,0,0,0,0,0,0,"N",0.05,0,0,0,0,0,0,0,"N",0,0,0,0,0,0,0,0,0,0,0,0,0,0,0,0
"329",39000,2,"923",55,0,2017,2,"",242,9165,9089,9098,166965074,0,0,1409,"",0.77,0.62,0.61,0.61,0.91,0,0,1.48,"",5,2.1,31,0.3,3,0,7,0.1,28383020,20.5,0,0,0,0,238,20.3
"330",39000,2,"9231",56,0,2017,2,"",242,9165,9089,9098,166965074,0,0,1409,"",0.77,0.62,0.61,0.61,0.91,0,0,1.48,"",5,2.1,31,0.3,3,0,7,0.1,28383020,20.5,0,0,0,0,238,20.3
"331",39000,2,"92311",57,0,2017,2,"",7,819,822,829,15171736,0,0,1417,"",0.21,0.51,0.51,0.52,0.65,0,0,1.27,"",1,16.7,14,1.7,10,1.2,-1,-0.1,2990966,24.6,0,0,0,0,268,23.3
"332",39000,2,"923110",58,0,2017,2,"",7,819,822,829,15171736,0,0,1417,"",0.21,0.51,0.51,0.52,0.65,0,0,1.27,"",1,16.7,14,1.7,10,1.2,-1,-0.1,2990966,24.6,0,0,0,0,268,23.3
"333",39000,2,"92312",57,0,2017,2,"",70,2167,2142,2149,40069402,0,0,1432,"",0.7,0.44,0.44,0.44,0.66,0,0,1.52,"",7,11.1,70,3.3,75,3.6,86,4.2,7254108,22.1,0,0,0,0,216,17.8
"334",39000,2,"923120",58,0,2017,2,"",70,2167,2142,2149,40069402,0,0,1432,"",0.7,0.44,0.44,0.44,0.66,0,0,1.52,"",7,11.1,70,3.3,75,3.6,86,4.2,7254108,22.1,0,0,0,0,216,17.8
"335",39000,2,"92313",57,0,2017,2,"",165,6179,6125,6120,111723936,0,0,1399,"",1,0.77,0.76,0.76,1.16,0,0,1.51,"",-3,-1.8,-53,-0.9,-82,-1.3,-78,-1.3,18137946,19.4,0,0,0,0,240,20.7
"336",39000,2,"923130",58,0,2017,2,"",165,6179,6125,6120,111723936,0,0,1399,"",1,0.77,0.76,0.76,1.16,0,0,1.51,"",-3,-1.8,-53,-0.9,-82,-1.3,-78,-1.3,18137946,19.4,0,0,0,0,240,20.7
"337",39000,2,"924",55,0,2017,2,"",100,3101,3370,3680,49696050,0,0,1130,"",0.48,0.61,0.63,0.65,0.77,0,0,1.21,"",-1,-1,-63,-2,33,1,88,2.4,8762578,21.4,0,0,0,0,194,20.7
"338",39000,2,"9241",56,0,2017,2,"",100,3101,3370,3680,49696050,0,0,1130,"",0.48,0.61,0.63,0.65,0.77,0,0,1.21,"",-1,-1,-63,-2,33,1,88,2.4,8762578,21.4,0,0,0,0,194,20.7
"339",39000,2,"92411",57,0,2017,2,"",11,1119,1112,1197,21420968,0,0,1442,"",0.3,0.74,0.72,0.76,0.87,0,0,1.18,"",-1,-8.3,6,0.5,-40,-3.5,10,0.8,3351645,18.5,0,0,0,0,234,19.4
"340",39000,2,"924110",58,0,2017,2,"",11,1119,1112,1197,21420968,0,0,1442,"",0.3,0.74,0.72,0.76,0.87,0,0,1.18,"",-1,-8.3,6,0.5,-40,-3.5,10,0.8,3351645,18.5,0,0,0,0,234,19.4
"341",39000,2,"92412",57,0,2017,2,"",89,1982,2258,2483,28275082,0,0,971,"",0.51,0.56,0.59,0.61,0.7,0,0,1.19,"",0,0,-69,-3.4,73,3.3,78,3.2,5410933,23.7,0,0,0,0,176,22.1
"342",39000,2,"924120",58,0,2017,2,"",89,1982,2258,2483,28275082,0,0,971,"",0.51,0.56,0.59,0.61,0.7,0,0,1.19,"",0,0,-69,-3.4,73,3.3,78,3.2,5410933,23.7,0,0,0,0,176,22.1
"343",39000,2,"925",55,0,2017,2,"N",8,0,0,0,0,0,0,0,"N",0.65,0,0,0,0,0,0,0,"N",0,0,0,0,0,0,0,0,0,0,0,0,0,0,0,0
"344",39000,2,"9251",56,0,2017,2,"N",8,0,0,0,0,0,0,0,"N",0.65,0,0,0,0,0,0,0,"N",0,0,0,0,0,0,0,0,0,0,0,0,0,0,0,0
"345",39000,2,"92512",57,0,2017,2,"N",8,0,0,0,0,0,0,0,"N",1.51,0,0,0,0,0,0,0,"N",0,0,0,0,0,0,0,0,0,0,0,0,0,0,0,0
"346",39000,2,"925120",58,0,2017,2,"N",8,0,0,0,0,0,0,0,"N",1.51,0,0,0,0,0,0,0,"N",0,0,0,0,0,0,0,0,0,0,0,0,0,0,0,0
"347",39000,2,"926",55,0,2017,2,"",285,8720,8596,8977,135863350,0,0,1192,"",0.88,0.79,0.77,0.8,0.93,0,0,1.18,"",2,0.7,-18,-0.2,56,0.7,11,0.1,22512969,19.9,0,0,0,0,195,19.6
"348",39000,2,"9261",56,0,2017,2,"",285,8720,8596,8977,135863350,0,0,1192,"",0.88,0.79,0.77,0.8,0.93,0,0,1.18,"",2,0.7,-18,-0.2,56,0.7,11,0.1,22512969,19.9,0,0,0,0,195,19.6
"349",39000,2,"92611",57,0,2017,2,"N",9,0,0,0,0,0,0,0,"N",0.37,0,0,0,0,0,0,0,"N",2,28.6,0,0,0,0,0,0,0,0,0,0,0,0,0,0
"350",39000,2,"926110",58,0,2017,2,"N",9,0,0,0,0,0,0,0,"N",0.37,0,0,0,0,0,0,0,"N",2,28.6,0,0,0,0,0,0,0,0,0,0,0,0,0,0
"351",39000,2,"92612",57,0,2017,2,"",89,5242,5143,5487,80250219,0,0,1167,"",0.78,0.79,0.78,0.82,0.9,0,0,1.13,"",0,0,19,0.4,38,0.7,-10,-0.2,14041501,21.2,0,0,0,0,202,20.9
"352",39000,2,"926120",58,0,2017,2,"",89,5242,5143,5487,80250219,0,0,1167,"",0.78,0.79,0.78,0.82,0.9,0,0,1.13,"",0,0,19,0.4,38,0.7,-10,-0.2,14041501,21.2,0,0,0,0,202,20.9
"353",39000,2,"92613",57,0,2017,2,"N",1,0,0,0,0,0,0,0,"N",0.13,0,0,0,0,0,0,0,"N",0,0,0,0,0,0,0,0,0,0,0,0,0,0,0,0
"354",39000,2,"926130",58,0,2017,2,"N",1,0,0,0,0,0,0,0,"N",0.13,0,0,0,0,0,0,0,"N",0,0,0,0,0,0,0,0,0,0,0,0,0,0,0,0
"355",39000,2,"92614",57,0,2017,2,"",148,1132,1145,1204,14655085,0,0,972,"",1.54,0.99,0.98,1.01,1.24,0,0,1.25,"",0,0,21,1.9,32,2.9,27,2.3,1603531,12.3,0,0,0,0,86,9.7
"356",39000,2,"926140",58,0,2017,2,"",148,1132,1145,1204,14655085,0,0,972,"",1.54,0.99,0.98,1.01,1.24,0,0,1.25,"",0,0,21,1.9,32,2.9,27,2.3,1603531,12.3,0,0,0,0,86,9.7
"357",39000,2,"92615",57,0,2017,2,"",38,1098,1079,1065,19289263,0,0,1373,"",0.46,0.54,0.53,0.52,0.7,0,0,1.32,"",0,0,-24,-2.1,-22,-2,-10,-0.9,3100990,19.2,0,0,0,0,240,21.2
"358",39000,2,"926150",58,0,2017,2,"",38,1098,1079,1065,19289263,0,0,1373,"",0.46,0.54,0.53,0.52,0.7,0,0,1.32,"",0,0,-24,-2.1,-22,-2,-10,-0.9,3100990,19.2,0,0,0,0,240,21.2
"359",39000,2,"928",55,0,2017,2,"N",25,0,0,0,0,0,0,0,"N",1.24,0,0,0,0,0,0,0,"N",1,4.2,0,0,0,0,0,0,0,0,0,0,0,0,0,0
"360",39000,2,"9281",56,0,2017,2,"N",25,0,0,0,0,0,0,0,"N",1.24,0,0,0,0,0,0,0,"N",1,4.2,0,0,0,0,0,0,0,0,0,0,0,0,0,0
"361",39000,2,"92811",57,0,2017,2,"N",25,0,0,0,0,0,0,0,"N",1.25,0,0,0,0,0,0,0,"N",1,4.2,0,0,0,0,0,0,0,0,0,0,0,0,0,0
"362",39000,2,"928110",58,0,2017,2,"N",25,0,0,0,0,0,0,0,"N",1.25,0,0,0,0,0,0,0,"N",1,4.2,0,0,0,0,0,0,0,0,0,0,0,0,0,0
"363",39000,3,"10",51,0,2017,2,"",11402,514805,522463,504955,5835372654,10255441,238757,873,"",2.24,0.96,0.96,0.95,0.96,0.08,0.19,1,"",-16,-0.1,2015,0.4,2950,0.6,3688,0.7,164770462,2.9,-201786,-1.9,40181,20.2,20,2.3
"364",39000,3,"101",52,0,2017,2,"",329,6252,6533,6964,79747213,10292,134,932,"",2.35,1.51,1.55,1.61,1.68,0.01,0.01,1.08,"",-1,-0.3,50,0.8,33,0.5,72,1,2592961,3.4,-1374,-11.8,6,4.7,23,2.5
"365",39000,3,"1011",53,0,2017,2,"N",1,0,0,0,0,0,0,0,"N",0.45,0,0,0,0,0,0,0,"N",0,0,0,0,0,0,0,0,0,0,0,0,0,0,0,0
"366",39000,3,"1012",53,0,2017,2,"N",328,0,0,0,0,0,0,0,"N",2.4,0,0,0,0,0,0,0,"N",-1,-0.3,0,0,0,0,0,0,0,0,0,0,0,0,0,0
"367",39000,3,"102",52,0,2017,2,"",11073,508553,515930,497991,5755625441,10245149,238623,872,"",2.23,0.95,0.96,0.95,0.95,0.08,0.19,1,"",-15,-0.1,1965,0.4,2917,0.6,3616,0.7,162177501,2.9,-200412,-1.9,40175,20.2,19,2.2
"368",39000,3,"1021",53,0,2017,2,"",506,18766,18808,18671,255475987,615903,8549,1048,"",1.4,0.92,0.92,0.91,0.88,0.11,0.13,0.96,"",-6,-1.2,-50,-0.3,-142,-0.7,-62,-0.3,5158579,2.1,39878,6.9,3489,69,26,2.5
"369",39000,3,"1022",53,0,2017,2,"",312,12901,12908,12857,97159818,565351,7273,580,"",2.02,2.65,2.64,2.6,2.78,0.43,0.56,1.06,"",0,0,-9,-0.1,-76,-0.6,-130,-1,91422,0.1,11338,2,3114,74.9,4,0.7
"370",39000,3,"1023",53,0,2017,2,"",9,81,83,82,1041150,12551,151,977,"",0.16,0.04,0.04,0.04,0.05,0.01,0,1.06,"",-1,-10,-15,-15.6,-23,-21.7,-28,-25.5,-77639,-6.9,5546,79.2,81,115.7,149,18
"371",39000,3,"1024",53,0,2017,2,"",574,8203,8467,8722,103009832,12435,162,936,"",4.33,2.23,2.27,2.29,2.4,0.01,0.01,1.06,"",-2,-0.3,236,3,272,3.3,305,3.6,4162207,4.2,-2737,-18,-5,-3,8,0.9
"372",39000,3,"1025",53,0,2017,2,"",3964,331265,334164,309223,3691647503,5004956,132319,874,"",1.8,0.98,0.98,0.96,0.99,0.09,0.41,1.02,"",0,0,1376,0.4,2012,0.6,3140,1,114109378,3.2,-104831,-2.1,7417,5.9,21,2.5
"373",39000,3,"1026",53,0,2017,2,"",272,10741,13187,18766,64591929,51666,887,349,"",1.93,0.74,0.86,1.09,0.62,0.01,0,0.68,"",2,0.7,157,1.5,63,0.5,-99,-0.5,2985287,4.8,11982,30.2,609,219.1,15,4.5
"374",39000,3,"1027",53,0,2017,2,"",236,1427,1481,1535,16466448,66998,2351,855,"",3.64,1.19,1.21,1.26,1.43,0.13,0.22,1.17,"",-4,-1.7,22,1.6,3,0.2,15,1,523669,3.3,16727,33.3,1142,94.5,19,2.3
"375",39000,3,"1028",53,0,2017,2,"",5200,125169,126832,128135,1526232774,3915289,86931,927,"",2.82,0.85,0.84,0.83,0.84,0.08,0.15,1,"",-4,-0.1,248,0.2,808,0.6,475,0.4,35224598,2.4,-178315,-4.4,24328,38.9,18,2
"376",39000,3,"1029",53,0,2017,2,"-",0,0,0,0,0,0,0,0,"N",0,0,0,0,0,0,0,0,"N",0,0,0,0,0,0,0,0,0,0,0,0,0,0,0,0
"377",39000,3,"11",54,0,2017,2,"N",1,0,0,0,0,0,0,0,"N",0.51,0,0,0,0,0,0,0,"N",0,0,0,0,0,0,0,0,0,0,0,0,0,0,0,0
"378",39000,3,"115",55,0,2017,2,"N",1,0,0,0,0,0,0,0,"N",0.9,0,0,0,0,0,0,0,"N",0,0,0,0,0,0,0,0,0,0,0,0,0,0,0,0
"379",39000,3,"1153",56,0,2017,2,"N",1,0,0,0,0,0,0,0,"N",2.37,0,0,0,0,0,0,0,"N",0,0,0,0,0,0,0,0,0,0,0,0,0,0,0,0
"380",39000,3,"11531",57,0,2017,2,"N",1,0,0,0,0,0,0,0,"N",2.37,0,0,0,0,0,0,0,"N",0,0,0,0,0,0,0,0,0,0,0,0,0,0,0,0
"381",39000,3,"115310",58,0,2017,2,"N",1,0,0,0,0,0,0,0,"N",2.37,0,0,0,0,0,0,0,"N",0,0,0,0,0,0,0,0,0,0,0,0,0,0,0,0
"382",39000,3,"22",54,0,2017,2,"",402,9545,9589,9736,139527883,117112,1576,1115,"",1.58,1.04,1.04,1.04,0.98,0.03,0.04,0.94,"",-3,-0.7,78,0.8,53,0.6,69,0.7,4826266,3.6,1716,1.5,579,58.1,31,2.9
"383",39000,3,"221",55,0,2017,2,"",402,9545,9589,9736,139527883,117112,1576,1115,"",1.58,1.04,1.04,1.04,0.98,0.03,0.04,0.94,"",-3,-0.7,78,0.8,53,0.6,69,0.7,4826266,3.6,1716,1.5,579,58.1,31,2.9
"384",39000,3,"2211",56,0,2017,2,"",34,1003,998,1025,17493199,0,0,1334,"",1.2,0.35,0.35,0.36,0.32,0,0,0.9,"",0,0,7,0.7,5,0.5,16,1.6,-241822,-1.4,0,0,0,0,-31,-2.3
"385",39000,3,"22111",57,0,2017,2,"",13,369,369,386,5848726,0,0,1201,"",1.66,0.44,0.44,0.46,0.35,0,0,0.77,"",0,0,-17,-4.4,-18,-4.7,-9,-2.3,-770106,-11.6,0,0,0,0,-107,-8.2
"386",39000,3,"221111",58,0,2017,2,"N",2,0,0,0,0,0,0,0,"N",1.14,0,0,0,0,0,0,0,"N",0,0,0,0,0,0,0,0,0,0,0,0,0,0,0,0
"387",39000,3,"221112",58,0,2017,2,"N",11,0,0,0,0,0,0,0,"N",1.87,0,0,0,0,0,0,0,"N",0,0,0,0,0,0,0,0,0,0,0,0,0,0,0,0
"388",39000,3,"22112",57,0,2017,2,"",21,634,629,639,11644473,0,0,1413,"",1.02,0.32,0.31,0.32,0.31,0,0,0.98,"",0,0,24,3.9,23,3.8,25,4.1,528284,4.8,0,0,0,0,11,0.8
"389",39000,3,"221122",58,0,2017,2,"",21,634,629,639,11644473,0,0,1413,"",1.14,0.36,0.35,0.36,0.35,0,0,0.99,"",0,0,24,3.9,23,3.8,25,4.1,528284,4.8,0,0,0,0,11,0.8
"390",39000,3,"2212",56,0,2017,2,"",3,52,52,54,888608,0,0,1298,"",0.45,0.21,0.2,0.21,0.28,0,0,1.37,"",0,0,-1,-1.9,-2,-3.7,-2,-3.6,118419,15.4,0,0,0,0,208,19.1
"391",39000,3,"22121",57,0,2017,2,"",3,52,52,54,888608,0,0,1298,"",0.45,0.21,0.2,0.21,0.28,0,0,1.37,"",0,0,-1,-1.9,-2,-3.7,-2,-3.6,118419,15.4,0,0,0,0,208,19.1
"392",39000,3,"221210",58,0,2017,2,"",3,52,52,54,888608,0,0,1298,"",0.45,0.21,0.2,0.21,0.28,0,0,1.37,"",0,0,-1,-1.9,-2,-3.7,-2,-3.6,118419,15.4,0,0,0,0,208,19.1
"393",39000,3,"2213",56,0,2017,2,"",365,8490,8539,8657,121146076,117112,1576,1088,"",1.66,1.4,1.4,1.4,1.45,0.04,0.06,1.03,"",-3,-0.8,72,0.9,50,0.6,55,0.6,4949669,4.3,1716,1.5,579,58.1,37,3.5
"394",39000,3,"22131",57,0,2017,2,"",181,4884,4903,4984,68888670,104778,1441,1076,"",1.21,1.21,1.2,1.2,1.27,0.06,0.08,1.05,"",-1,-0.5,52,1.1,27,0.6,26,0.5,3039724,4.6,5623,5.7,556,62.8,40,3.9
"395",39000,3,"221310",58,0,2017,2,"",181,4884,4903,4984,68888670,104778,1441,1076,"",1.21,1.21,1.2,1.2,1.27,0.06,0.08,1.05,"",-1,-0.5,52,1.1,27,0.6,26,0.5,3039724,4.6,5623,5.7,556,62.8,40,3.9
"396",39000,3,"22132",57,0,2017,2,"",184,3606,3636,3673,52257406,12334,135,1105,"",2.6,1.79,1.79,1.79,1.78,0.02,0.02,0.99,"",-2,-1.1,20,0.6,23,0.6,29,0.8,1909945,3.8,-3907,-24.1,23,20.5,33,3.1
"397",39000,3,"221320",58,0,2017,2,"",184,3606,3636,3673,52257406,12334,135,1105,"",2.6,1.79,1.79,1.79,1.78,0.02,0.02,0.99,"",-2,-1.1,20,0.6,23,0.6,29,0.8,1909945,3.8,-3907,-24.1,23,20.5,33,3.1
"398",39000,3,"23",54,0,2017,2,"N",328,0,0,0,0,0,0,0,"N",2.4,0,0,0,0,0,0,0,"N",-1,-0.3,0,0,0,0,0,0,0,0,0,0,0,0,0,0
"399",39000,3,"236",55,0,2017,2,"",6,145,142,147,1679532,0,0,893,"",1.73,1.53,1.5,1.53,1.16,0,0,0.77,"",1,20,18,14.2,15,11.8,19,14.8,186287,12.5,0,0,0,0,-9,-1
"400",39000,3,"2362",56,0,2017,2,"",6,145,142,147,1679532,0,0,893,"",2.05,1.68,1.65,1.68,1.22,0,0,0.73,"",1,20,18,14.2,15,11.8,19,14.8,186287,12.5,0,0,0,0,-9,-1
"401",39000,3,"23622",57,0,2017,2,"",6,145,142,147,1679532,0,0,893,"",2.05,1.68,1.65,1.68,1.22,0,0,0.73,"",1,20,18,14.2,15,11.8,19,14.8,186287,12.5,0,0,0,0,-9,-1
"402",39000,3,"236220",58,0,2017,2,"",6,145,142,147,1679532,0,0,893,"",2.05,1.68,1.65,1.68,1.22,0,0,0.73,"",1,20,18,14.2,15,11.8,19,14.8,186287,12.5,0,0,0,0,-9,-1
"403",39000,3,"237",55,0,2017,2,"",313,6051,6334,6759,77308049,10292,134,932,"",2.39,1.54,1.59,1.65,1.73,0.01,0.01,1.09,"",-1,-0.3,49,0.8,33,0.5,72,1.1,2536031,3.4,-1374,-11.8,6,4.7,23,2.5
"404",39000,3,"2371",56,0,2017,2,"N",2,0,0,0,0,0,0,0,"N",0.61,0,0,0,0,0,0,0,"N",0,0,0,0,0,0,0,0,0,0,0,0,0,0,0,0
"405",39000,3,"23711",57,0,2017,2,"N",2,0,0,0,0,0,0,0,"N",0.73,0,0,0,0,0,0,0,"N",0,0,0,0,0,0,0,0,0,0,0,0,0,0,0,0
"406",39000,3,"237110",58,0,2017,2,"N",2,0,0,0,0,0,0,0,"N",0.73,0,0,0,0,0,0,0,"N",0,0,0,0,0,0,0,0,0,0,0,0,0,0,0,0
"407",39000,3,"2372",56,0,2017,2,"N",1,0,0,0,0,0,0,0,"N",2.21,0,0,0,0,0,0,0,"N",0,0,0,0,0,0,0,0,0,0,0,0,0,0,0,0
"408",39000,3,"23721",57,0,2017,2,"N",1,0,0,0,0,0,0,0,"N",2.21,0,0,0,0,0,0,0,"N",0,0,0,0,0,0,0,0,0,0,0,0,0,0,0,0
"409",39000,3,"237210",58,0,2017,2,"N",1,0,0,0,0,0,0,0,"N",2.21,0,0,0,0,0,0,0,"N",0,0,0,0,0,0,0,0,0,0,0,0,0,0,0,0
"410",39000,3,"2373",56,0,2017,2,"",309,6033,6316,6741,77076779,10292,134,932,"",2.46,1.58,1.62,1.69,1.78,0.01,0.01,1.09,"",-1,-0.3,50,0.8,36,0.6,73,1.1,2550126,3.4,-1374,-11.8,6,4.7,24,2.6
"411",39000,3,"23731",57,0,2017,2,"",309,6033,6316,6741,77076779,10292,134,932,"",2.46,1.58,1.62,1.69,1.78,0.01,0.01,1.09,"",-1,-0.3,50,0.8,36,0.6,73,1.1,2550126,3.4,-1374,-11.8,6,4.7,24,2.6
"412",39000,3,"237310",58,0,2017,2,"",309,6033,6316,6741,77076779,10292,134,932,"",2.46,1.58,1.62,1.69,1.78,0.01,0.01,1.09,"",-1,-0.3,50,0.8,36,0.6,73,1.1,2550126,3.4,-1374,-11.8,6,4.7,24,2.6
"413",39000,3,"2379",56,0,2017,2,"N",1,0,0,0,0,0,0,0,"N",0.69,0,0,0,0,0,0,0,"N",0,0,0,0,0,0,0,0,0,0,0,0,0,0,0,0
"414",39000,3,"23799",57,0,2017,2,"N",1,0,0,0,0,0,0,0,"N",0.69,0,0,0,0,0,0,0,"N",0,0,0,0,0,0,0,0,0,0,0,0,0,0,0,0
"415",39000,3,"237990",58,0,2017,2,"N",1,0,0,0,0,0,0,0,"N",0.69,0,0,0,0,0,0,0,"N",0,0,0,0,0,0,0,0,0,0,0,0,0,0,0,0
"416",39000,3,"238",55,0,2017,2,"N",9,0,0,0,0,0,0,0,"N",4.32,0,0,0,0,0,0,0,"N",-1,-10,0,0,0,0,0,0,0,0,0,0,0,0,0,0
"417",39000,3,"2381",56,0,2017,2,"N",1,0,0,0,0,0,0,0,"N",8.28,0,0,0,0,0,0,0,"N",0,0,0,0,0,0,0,0,0,0,0,0,0,0,0,0
"418",39000,3,"23811",57,0,2017,2,"N",1,0,0,0,0,0,0,0,"N",16.57,0,0,0,0,0,0,0,"N",0,0,0,0,0,0,0,0,0,0,0,0,0,0,0,0
"419",39000,3,"238112",58,0,2017,2,"N",1,0,0,0,0,0,0,0,"N",16.57,0,0,0,0,0,0,0,"N",0,0,0,0,0,0,0,0,0,0,0,0,0,0,0,0
"420",39000,3,"2382",56,0,2017,2,"",7,29,30,31,474809,0,0,1217,"",5.39,1.65,1.7,1.81,2.59,0,0,1.51,"",0,0,-2,-6.5,-1,-3.2,0,0,35165,8,0,0,0,0,126,11.5
"421",39000,3,"23821",57,0,2017,2,"",7,29,30,31,474809,0,0,1217,"N",8.59,0,0,0,0,0,0,0,"",0,0,-2,-6.5,-1,-3.2,0,0,35165,8,0,0,0,0,126,11.5
"422",39000,3,"238212",58,0,2017,2,"",7,29,30,31,474809,0,0,1217,"",9.66,3.93,4.05,5.46,8.01,0,0,1.82,"",0,0,-2,-6.5,-1,-3.2,0,0,35165,8,0,0,0,0,126,11.5
"423",39000,3,"2389",56,0,2017,2,"N",1,0,0,0,0,0,0,0,"N",2.07,0,0,0,0,0,0,0,"N",0,0,0,0,0,0,0,0,0,0,0,0,0,0,0,0
"424",39000,3,"23899",57,0,2017,2,"N",1,0,0,0,0,0,0,0,"N",4.14,0,0,0,0,0,0,0,"N",0,0,0,0,0,0,0,0,0,0,0,0,0,0,0,0
"425",39000,3,"238992",58,0,2017,2,"N",1,0,0,0,0,0,0,0,"N",4.14,0,0,0,0,0,0,0,"N",0,0,0,0,0,0,0,0,0,0,0,0,0,0,0,0
"426",39000,3,"48-49",54,0,2017,2,"",104,9221,9219,8935,115948104,498791,6973,977,"",1.21,0.84,0.84,0.82,0.79,0.29,0.27,0.94,"",-3,-2.8,-128,-1.4,-195,-2.1,-131,-1.4,332313,0.3,38162,8.3,2910,71.6,18,1.9
"427",39000,3,"485",55,0,2017,2,"",45,7721,7724,7343,94581441,490736,6901,958,"",0.88,0.87,0.87,0.83,0.81,0.4,0.35,0.94,"",-2,-4.3,-114,-1.5,-151,-1.9,-103,-1.4,269504,0.3,38039,8.4,2862,70.9,18,1.9
"428",39000,3,"4851",56,0,2017,2,"",29,6429,6437,6385,82037021,477728,6745,983,"",2.01,1.02,1.01,1.01,0.83,0.65,0.47,0.82,"",0,0,27,0.4,-20,-0.3,36,0.6,640783,0.8,53555,12.6,3046,82.3,5,0.5
"429",39000,3,"48511",57,0,2017,2,"",29,6429,6437,6385,82037021,477728,6745,983,"",2.01,1.02,1.01,1.01,0.83,0.65,0.47,0.82,"",0,0,27,0.4,-20,-0.3,36,0.6,640783,0.8,53555,12.6,3046,82.3,5,0.5
"430",39000,3,"485111",58,0,2017,2,"",6,3355,3360,3351,44906145,0,0,1030,"",1.63,0.91,0.91,0.91,0.72,0,0,0.79,"",0,0,-73,-2.1,-70,-2,-85,-2.5,-1806827,-3.9,0,0,0,0,-17,-1.6
"431",39000,3,"485113",58,0,2017,2,"",23,3074,3077,3034,37130876,477728,6745,933,"",2.18,1.34,1.34,1.31,1.29,0.98,0.6,0.97,"",0,0,100,3.4,50,1.7,121,4.2,2447610,7.1,53555,12.6,3046,82.3,35,3.9
"432",39000,3,"4852",56,0,2017,2,"N",2,0,0,0,0,0,0,0,"N",1.02,0,0,0,0,0,0,0,"N",0,0,0,0,0,0,0,0,0,0,0,0,0,0,0,0
"433",39000,3,"48521",57,0,2017,2,"N",2,0,0,0,0,0,0,0,"N",1.02,0,0,0,0,0,0,0,"N",0,0,0,0,0,0,0,0,0,0,0,0,0,0,0,0
"434",39000,3,"485210",58,0,2017,2,"N",2,0,0,0,0,0,0,0,"N",1.02,0,0,0,0,0,0,0,"N",0,0,0,0,0,0,0,0,0,0,0,0,0,0,0,0
"435",39000,3,"4854",56,0,2017,2,"",5,1011,1007,670,9929194,0,0,852,"",0.15,0.43,0.43,0.3,0.61,0,0,1.58,"",-1,-16.7,-139,-12.1,-129,-11.4,-143,-17.6,-338685,-3.3,-16640,-100,-233,-100,87,11.4
"436",39000,3,"48541",57,0,2017,2,"",5,1011,1007,670,9929194,0,0,852,"",0.15,0.43,0.43,0.3,0.61,0,0,1.58,"",-1,-16.7,-139,-12.1,-129,-11.4,-143,-17.6,-338685,-3.3,-16640,-100,-233,-100,87,11.4
"437",39000,3,"485410",58,0,2017,2,"",5,1011,1007,670,9929194,0,0,852,"",0.15,0.43,0.43,0.3,0.61,0,0,1.58,"",-1,-16.7,-139,-12.1,-129,-11.4,-143,-17.6,-338685,-3.3,-16640,-100,-233,-100,87,11.4
"438",39000,3,"4859",56,0,2017,2,"N",9,0,0,0,0,0,0,0,"N",4.59,0,0,0,0,0,0,0,"N",-1,-10,0,0,0,0,0,0,0,0,0,0,0,0,0,0
"439",39000,3,"48599",57,0,2017,2,"N",9,0,0,0,0,0,0,0,"N",4.59,0,0,0,0,0,0,0,"N",-1,-10,0,0,0,0,0,0,0,0,0,0,0,0,0,0
"440",39000,3,"485991",58,0,2017,2,"N",4,0,0,0,0,0,0,0,"N",2.7,0,0,0,0,0,0,0,"N",-1,-20,0,0,0,0,0,0,0,0,0,0,0,0,0,0
"441",39000,3,"485999",58,0,2017,2,"",5,158,163,165,1992042,0,0,946,"",10.35,8.68,8.93,9,13.88,0,0,1.57,"",0,0,-5,-3.1,1,0.6,2,1.2,37944,1.9,0,0,0,0,22,2.4
"442",39000,3,"487",55,0,2017,2,"N",6,0,0,0,0,0,0,0,"N",9.47,0,0,0,0,0,0,0,"N",-1,-14.3,0,0,0,0,0,0,0,0,0,0,0,0,0,0
"443",39000,3,"4871",56,0,2017,2,"N",6,0,0,0,0,0,0,0,"N",11.69,0,0,0,0,0,0,0,"N",-1,-14.3,0,0,0,0,0,0,0,0,0,0,0,0,0,0
"444",39000,3,"48711",57,0,2017,2,"N",6,0,0,0,0,0,0,0,"N",11.69,0,0,0,0,0,0,0,"N",-1,-14.3,0,0,0,0,0,0,0,0,0,0,0,0,0,0
"445",39000,3,"487110",58,0,2017,2,"N",6,0,0,0,0,0,0,0,"N",11.69,0,0,0,0,0,0,0,"N",-1,-14.3,0,0,0,0,0,0,0,0,0,0,0,0,0,0
"446",39000,3,"488",55,0,2017,2,"",52,1360,1320,1332,19451959,8055,72,1119,"",2.08,0.79,0.76,0.76,0.74,0.02,0.01,0.97,"",0,0,21,1.6,-2,-0.2,-9,-0.7,291219,1.5,123,1.6,48,200,14,1.3
"447",39000,3,"4881",56,0,2017,2,"",25,1049,1009,1014,16100923,8055,72,1210,"",1.48,0.86,0.83,0.82,0.9,0.05,0.02,1.08,"",0,0,26,2.5,0,0,-4,-0.4,596210,3.8,123,1.6,48,200,37,3.2
"448",39000,3,"48811",57,0,2017,2,"",25,1049,1009,1014,16100923,8055,72,1210,"",1.49,0.87,0.83,0.82,0.9,0.05,0.02,1.08,"",0,0,26,2.5,0,0,-4,-0.4,596210,3.8,123,1.6,48,200,37,3.2
"449",39000,3,"488111",58,0,2017,2,"N",1,0,0,0,0,0,0,0,"N",0.85,0,0,0,0,0,0,0,"N",0,0,0,0,0,0,0,0,0,0,0,0,0,0,0,0
"450",39000,3,"488119",58,0,2017,2,"N",24,0,0,0,0,0,0,0,"N",1.54,0,0,0,0,0,0,0,"N",0,0,0,0,0,0,0,0,0,0,0,0,0,0,0,0
"451",39000,3,"4884",56,0,2017,2,"N",26,0,0,0,0,0,0,0,"N",6.07,0,0,0,0,0,0,0,"N",0,0,0,0,0,0,0,0,0,0,0,0,0,0,0,0
"452",39000,3,"48849",57,0,2017,2,"N",26,0,0,0,0,0,0,0,"N",6.15,0,0,0,0,0,0,0,"N",0,0,0,0,0,0,0,0,0,0,0,0,0,0,0,0
"453",39000,3,"488490",58,0,2017,2,"N",26,0,0,0,0,0,0,0,"N",6.15,0,0,0,0,0,0,0,"N",0,0,0,0,0,0,0,0,0,0,0,0,0,0,0,0
"454",39000,3,"4889",56,0,2017,2,"N",1,0,0,0,0,0,0,0,"N",0.65,0,0,0,0,0,0,0,"N",0,0,0,0,0,0,0,0,0,0,0,0,0,0,0,0
"455",39000,3,"48899",57,0,2017,2,"N",1,0,0,0,0,0,0,0,"N",0.65,0,0,0,0,0,0,0,"N",0,0,0,0,0,0,0,0,0,0,0,0,0,0,0,0
"456",39000,3,"488999",58,0,2017,2,"N",1,0,0,0,0,0,0,0,"N",0.65,0,0,0,0,0,0,0,"N",0,0,0,0,0,0,0,0,0,0,0,0,0,0,0,0
"457",39000,3,"493",55,0,2017,2,"N",1,0,0,0,0,0,0,0,"N",0.13,0,0,0,0,0,0,0,"N",0,0,0,0,0,0,0,0,0,0,0,0,0,0,0,0
"458",39000,3,"4931",56,0,2017,2,"N",1,0,0,0,0,0,0,0,"N",0.13,0,0,0,0,0,0,0,"N",0,0,0,0,0,0,0,0,0,0,0,0,0,0,0,0
"459",39000,3,"49311",57,0,2017,2,"N",1,0,0,0,0,0,0,0,"N",0.14,0,0,0,0,0,0,0,"N",0,0,0,0,0,0,0,0,0,0,0,0,0,0,0,0
"460",39000,3,"493110",58,0,2017,2,"N",1,0,0,0,0,0,0,0,"N",0.14,0,0,0,0,0,0,0,"N",0,0,0,0,0,0,0,0,0,0,0,0,0,0,0,0
"461",39000,3,"51",54,0,2017,2,"",312,12901,12908,12857,97159818,565351,7273,580,"",2.02,2.65,2.64,2.6,2.78,0.43,0.56,1.06,"",0,0,-9,-0.1,-76,-0.6,-130,-1,91422,0.1,11338,2,3114,74.9,4,0.7
"462",39000,3,"512",55,0,2017,2,"N",2,0,0,0,0,0,0,0,"N",11.04,0,0,0,0,0,0,0,"N",1,100,0,0,0,0,0,0,0,0,0,0,0,0,0,0
"463",39000,3,"5121",56,0,2017,2,"N",2,0,0,0,0,0,0,0,"N",11.04,0,0,0,0,0,0,0,"N",1,100,0,0,0,0,0,0,0,0,0,0,0,0,0,0
"464",39000,3,"51211",57,0,2017,2,"N",2,0,0,0,0,0,0,0,"N",16.57,0,0,0,0,0,0,0,"N",1,100,0,0,0,0,0,0,0,0,0,0,0,0,0,0
"465",39000,3,"512110",58,0,2017,2,"N",2,0,0,0,0,0,0,0,"N",16.57,0,0,0,0,0,0,0,"N",1,100,0,0,0,0,0,0,0,0,0,0,0,0,0,0
"466",39000,3,"515",55,0,2017,2,"",10,71,66,67,705606,0,0,798,"",9.2,7.03,6.68,6.64,8.64,0,0,1.27,"",0,0,0,0,-5,-7,-2,-2.9,-31449,-4.3,0,0,0,0,-8,-1
"467",39000,3,"5151",56,0,2017,2,"N",2,0,0,0,0,0,0,0,"N",3.68,0,0,0,0,0,0,0,"N",0,0,0,0,0,0,0,0,0,0,0,0,0,0,0,0
"468",39000,3,"51512",57,0,2017,2,"N",2,0,0,0,0,0,0,0,"N",5.52,0,0,0,0,0,0,0,"N",0,0,0,0,0,0,0,0,0,0,0,0,0,0,0,0
"469",39000,3,"515120",58,0,2017,2,"N",2,0,0,0,0,0,0,0,"N",5.52,0,0,0,0,0,0,0,"N",0,0,0,0,0,0,0,0,0,0,0,0,0,0,0,0
"470",39000,3,"5152",56,0,2017,2,"N",8,0,0,0,0,0,0,0,"N",14.73,0,0,0,0,0,0,0,"N",0,0,0,0,0,0,0,0,0,0,0,0,0,0,0,0
"471",39000,3,"51521",57,0,2017,2,"N",8,0,0,0,0,0,0,0,"N",14.73,0,0,0,0,0,0,0,"N",0,0,0,0,0,0,0,0,0,0,0,0,0,0,0,0
"472",39000,3,"515210",58,0,2017,2,"N",8,0,0,0,0,0,0,0,"N",14.73,0,0,0,0,0,0,0,"N",0,0,0,0,0,0,0,0,0,0,0,0,0,0,0,0
"473",39000,3,"517",55,0,2017,2,"N",7,0,0,0,0,0,0,0,"N",4.46,0,0,0,0,0,0,0,"N",-1,-12.5,0,0,0,0,0,0,0,0,0,0,0,0,0,0
"474",39000,3,"5173",56,0,2017,2,"N",7,0,0,0,0,0,0,0,"N",5.27,0,0,0,0,0,0,0,"N",7,100,0,0,0,0,0,0,0,0,0,0,0,0,0,0
"475",39000,3,"51731",57,0,2017,2,"N",7,0,0,0,0,0,0,0,"N",5.27,0,0,0,0,0,0,0,"N",7,100,0,0,0,0,0,0,0,0,0,0,0,0,0,0
"476",39000,3,"517311",58,0,2017,2,"N",7,0,0,0,0,0,0,0,"N",9.28,0,0,0,0,0,0,0,"N",7,100,0,0,0,0,0,0,0,0,0,0,0,0,0,0
"477",39000,3,"518",55,0,2017,2,"",41,550,554,557,9492548,0,0,1319,"",13.59,5.46,5.45,5.43,5.71,0,0,1.05,"",0,0,17,3.2,16,3,18,3.3,613059,6.9,0,0,0,0,46,3.6
"478",39000,3,"5182",56,0,2017,2,"",41,550,554,557,9492548,0,0,1319,"",13.59,5.46,5.45,5.43,5.71,0,0,1.05,"",0,0,17,3.2,16,3,18,3.3,613059,6.9,0,0,0,0,46,3.6
"479",39000,3,"51821",57,0,2017,2,"",41,550,554,557,9492548,0,0,1319,"",13.59,5.46,5.45,5.43,5.71,0,0,1.05,"",0,0,17,3.2,16,3,18,3.3,613059,6.9,0,0,0,0,46,3.6
"480",39000,3,"518210",58,0,2017,2,"",41,550,554,557,9492548,0,0,1319,"",13.59,5.46,5.45,5.43,5.71,0,0,1.05,"",0,0,17,3.2,16,3,18,3.3,613059,6.9,0,0,0,0,46,3.6
"481",39000,3,"519",55,0,2017,2,"",252,12244,12251,12196,86597520,565351,7273,545,"",1.7,2.6,2.58,2.55,2.65,0.46,0.59,1.03,"",0,0,-27,-0.2,-88,-0.7,-147,-1.2,-492233,-0.6,11338,2,3114,74.9,1,0.2
"482",39000,3,"5191",56,0,2017,2,"",252,12244,12251,12196,86597520,565351,7273,545,"",1.7,2.6,2.58,2.55,2.65,0.46,0.59,1.03,"",0,0,-27,-0.2,-88,-0.7,-147,-1.2,-492233,-0.6,11338,2,3114,74.9,1,0.2
"483",39000,3,"51912",57,0,2017,2,"",252,12244,12251,12196,86597520,565351,7273,545,"N",1.7,0,0,0,0,0,0,0,"",0,0,-27,-0.2,-88,-0.7,-147,-1.2,-492233,-0.6,11338,2,3114,74.9,1,0.2
"484",39000,3,"519120",58,0,2017,2,"",252,12244,12251,12196,86597520,565351,7273,545,"N",1.7,0,0,0,0,0,0,0,"",0,0,-27,-0.2,-88,-0.7,-147,-1.2,-492233,-0.6,11338,2,3114,74.9,1,0.2
"485",39000,3,"52",54,0,2017,2,"N",3,0,0,0,0,0,0,0,"N",0.58,0,0,0,0,0,0,0,"N",0,0,0,0,0,0,0,0,0,0,0,0,0,0,0,0
"486",39000,3,"524",55,0,2017,2,"N",3,0,0,0,0,0,0,0,"N",1.29,0,0,0,0,0,0,0,"N",0,0,0,0,0,0,0,0,0,0,0,0,0,0,0,0
"487",39000,3,"5241",56,0,2017,2,"N",1,0,0,0,0,0,0,0,"N",1.04,0,0,0,0,0,0,0,"N",0,0,0,0,0,0,0,0,0,0,0,0,0,0,0,0
"488",39000,3,"52412",57,0,2017,2,"N",1,0,0,0,0,0,0,0,"N",1.84,0,0,0,0,0,0,0,"N",0,0,0,0,0,0,0,0,0,0,0,0,0,0,0,0
"489",39000,3,"524126",58,0,2017,2,"N",1,0,0,0,0,0,0,0,"N",1.95,0,0,0,0,0,0,0,"N",0,0,0,0,0,0,0,0,0,0,0,0,0,0,0,0
"490",39000,3,"5242",56,0,2017,2,"N",2,0,0,0,0,0,0,0,"N",1.47,0,0,0,0,0,0,0,"N",0,0,0,0,0,0,0,0,0,0,0,0,0,0,0,0
"491",39000,3,"52421",57,0,2017,2,"N",1,0,0,0,0,0,0,0,"N",2.55,0,0,0,0,0,0,0,"N",0,0,0,0,0,0,0,0,0,0,0,0,0,0,0,0
"492",39000,3,"524210",58,0,2017,2,"N",1,0,0,0,0,0,0,0,"N",2.55,0,0,0,0,0,0,0,"N",0,0,0,0,0,0,0,0,0,0,0,0,0,0,0,0
"493",39000,3,"52429",57,0,2017,2,"N",1,0,0,0,0,0,0,0,"N",1.04,0,0,0,0,0,0,0,"N",0,0,0,0,0,0,0,0,0,0,0,0,0,0,0,0
"494",39000,3,"524292",58,0,2017,2,"N",1,0,0,0,0,0,0,0,"N",1.95,0,0,0,0,0,0,0,"N",0,0,0,0,0,0,0,0,0,0,0,0,0,0,0,0
"495",39000,3,"53",54,0,2017,2,"N",6,0,0,0,0,0,0,0,"N",0.12,0,0,0,0,0,0,0,"N",-1,-14.3,0,0,0,0,0,0,0,0,0,0,0,0,0,0
"496",39000,3,"531",55,0,2017,2,"N",6,0,0,0,0,0,0,0,"N",0.12,0,0,0,0,0,0,0,"N",0,0,0,0,0,0,0,0,0,0,0,0,0,0,0,0
"497",39000,3,"5311",56,0,2017,2,"N",5,0,0,0,0,0,0,0,"N",0.15,0,0,0,0,0,0,0,"N",0,0,0,0,0,0,0,0,0,0,0,0,0,0,0,0
"498",39000,3,"53111",57,0,2017,2,"N",3,0,0,0,0,0,0,0,"N",0.1,0,0,0,0,0,0,0,"N",0,0,0,0,0,0,0,0,0,0,0,0,0,0,0,0
"499",39000,3,"531110",58,0,2017,2,"N",3,0,0,0,0,0,0,0,"N",0.1,0,0,0,0,0,0,0,"N",0,0,0,0,0,0,0,0,0,0,0,0,0,0,0,0
"500",39000,3,"53112",57,0,2017,2,"N",2,0,0,0,0,0,0,0,"N",0.72,0,0,0,0,0,0,0,"N",0,0,0,0,0,0,0,0,0,0,0,0,0,0,0,0
"501",39000,3,"531120",58,0,2017,2,"N",2,0,0,0,0,0,0,0,"N",0.72,0,0,0,0,0,0,0,"N",0,0,0,0,0,0,0,0,0,0,0,0,0,0,0,0
"502",39000,3,"5313",56,0,2017,2,"N",1,0,0,0,0,0,0,0,"N",0.07,0,0,0,0,0,0,0,"N",0,0,0,0,0,0,0,0,0,0,0,0,0,0,0,0
"503",39000,3,"53131",57,0,2017,2,"N",1,0,0,0,0,0,0,0,"N",0.07,0,0,0,0,0,0,0,"N",0,0,0,0,0,0,0,0,0,0,0,0,0,0,0,0
"504",39000,3,"531311",58,0,2017,2,"N",1,0,0,0,0,0,0,0,"N",0.08,0,0,0,0,0,0,0,"N",0,0,0,0,0,0,0,0,0,0,0,0,0,0,0,0
"505",39000,3,"54",54,0,2017,2,"",242,2903,2993,3126,44276956,0,0,1133,"",7.52,3.43,3.49,3.61,3.5,0,0,1,"",-2,-0.8,-88,-2.9,-77,-2.5,-50,-1.6,43001,0.1,0,0,0,0,28,2.5
"506",39000,3,"541",55,0,2017,2,"",242,2903,2993,3126,44276956,0,0,1133,"",7.52,3.43,3.49,3.61,3.5,0,0,1,"",-2,-0.8,-88,-2.9,-77,-2.5,-50,-1.6,43001,0.1,0,0,0,0,28,2.5
"507",39000,3,"5411",56,0,2017,2,"",4,11,11,11,145914,0,0,1020,"",4.42,0.61,0.59,0.59,0.47,0,0,0.79,"",0,0,1,10,1,10,1,10,29163,25,0,0,0,0,122,13.6
"508",39000,3,"54111",57,0,2017,2,"",4,11,11,11,145914,0,0,1020,"N",4.57,0,0,0,0,0,0,0,"",0,0,1,10,1,10,1,10,29163,25,0,0,0,0,122,13.6
"509",39000,3,"541110",58,0,2017,2,"",4,11,11,11,145914,0,0,1020,"N",4.57,0,0,0,0,0,0,0,"",0,0,1,10,1,10,1,10,29163,25,0,0,0,0,122,13.6
"510",39000,3,"5412",56,0,2017,2,"N",1,0,0,0,0,0,0,0,"N",0.36,0,0,0,0,0,0,0,"N",0,0,0,0,0,0,0,0,0,0,0,0,0,0,0,0
"511",39000,3,"54121",57,0,2017,2,"N",1,0,0,0,0,0,0,0,"N",0.36,0,0,0,0,0,0,0,"N",0,0,0,0,0,0,0,0,0,0,0,0,0,0,0,0
"512",39000,3,"541214",58,0,2017,2,"N",1,0,0,0,0,0,0,0,"N",1.58,0,0,0,0,0,0,0,"N",0,0,0,0,0,0,0,0,0,0,0,0,0,0,0,0
"513",39000,3,"5413",56,0,2017,2,"",212,2523,2610,2744,37564746,0,0,1101,"",14.16,8.41,8.53,8.74,8.69,0,0,1.01,"",-2,-0.9,-26,-1,-22,-0.8,6,0.2,465343,1.3,0,0,0,0,20,1.9
"514",39000,3,"54132",57,0,2017,2,"N",1,0,0,0,0,0,0,0,"N",1.66,0,0,0,0,0,0,0,"N",-1,-50,0,0,0,0,0,0,0,0,0,0,0,0,0,0
"515",39000,3,"541320",58,0,2017,2,"N",1,0,0,0,0,0,0,0,"N",1.66,0,0,0,0,0,0,0,"N",-1,-50,0,0,0,0,0,0,0,0,0,0,0,0,0,0
"516",39000,3,"54133",57,0,2017,2,"",203,2494,2581,2716,37264432,0,0,1104,"",16.61,10.2,10.3,10.52,10.66,0,0,1.03,"",-1,-0.5,-16,-0.6,-12,-0.5,17,0.6,668499,1.8,0,0,0,0,22,2
"517",39000,3,"541330",58,0,2017,2,"",203,2494,2581,2716,37264432,0,0,1104,"",16.61,10.2,10.3,10.52,10.66,0,0,1.03,"",-1,-0.5,-16,-0.6,-12,-0.5,17,0.6,668499,1.8,0,0,0,0,22,2
"518",39000,3,"54135",57,0,2017,2,"N",2,0,0,0,0,0,0,0,"N",2.21,0,0,0,0,0,0,0,"N",0,0,0,0,0,0,0,0,0,0,0,0,0,0,0,0
"519",39000,3,"541350",58,0,2017,2,"N",2,0,0,0,0,0,0,0,"N",2.21,0,0,0,0,0,0,0,"N",0,0,0,0,0,0,0,0,0,0,0,0,0,0,0,0
"520",39000,3,"54137",57,0,2017,2,"",6,17,17,16,202325,0,0,934,"",8.28,4.11,4.02,3.79,4.23,0,0,1.06,"",0,0,-1,-5.6,-1,-5.6,-2,-11.1,-4251,-2.1,0,0,0,0,51,5.8
"521",39000,3,"541370",58,0,2017,2,"",6,17,17,16,202325,0,0,934,"",8.28,4.11,4.02,3.79,4.23,0,0,1.06,"",0,0,-1,-5.6,-1,-5.6,-2,-11.1,-4251,-2.1,0,0,0,0,51,5.8
"522",39000,3,"5415",56,0,2017,2,"",22,330,330,330,6110188,0,0,1424,"",3.52,2.04,2.02,1.99,2.64,0,0,1.31,"",0,0,-56,-14.5,-50,-13.2,-50,-13.2,-326198,-5.1,0,0,0,0,128,9.9
"523",39000,3,"54151",57,0,2017,2,"",22,330,330,330,6110188,0,0,1424,"",3.52,2.04,2.02,1.99,2.64,0,0,1.31,"",0,0,-56,-14.5,-50,-13.2,-50,-13.2,-326198,-5.1,0,0,0,0,128,9.9
"524",39000,3,"541511",58,0,2017,2,"",4,13,13,13,230708,0,0,1365,"",4.73,0.64,0.63,0.6,0.87,0,0,1.39,"N",0,0,0,0,0,0,0,0,0,0,0,0,0,0,0,0
"525",39000,3,"541512",58,0,2017,2,"",12,99,100,98,1646647,0,0,1279,"",4.62,1.89,1.87,1.8,1.78,0,0,0.96,"",0,0,-53,-34.9,-52,-34.2,-56,-36.4,-759938,-31.6,0,0,0,0,66,5.4
"526",39000,3,"541513",58,0,2017,2,"N",5,0,0,0,0,0,0,0,"N",2.15,0,0,0,0,0,0,0,"N",0,0,0,0,0,0,0,0,0,0,0,0,0,0,0,0
"527",39000,3,"541519",58,0,2017,2,"N",1,0,0,0,0,0,0,0,"N",2.07,0,0,0,0,0,0,0,"N",0,0,0,0,0,0,0,0,0,0,0,0,0,0,0,0
"528",39000,3,"5416",56,0,2017,2,"N",1,0,0,0,0,0,0,0,"N",0.32,0,0,0,0,0,0,0,"N",0,0,0,0,0,0,0,0,0,0,0,0,0,0,0,0
"529",39000,3,"54161",57,0,2017,2,"N",1,0,0,0,0,0,0,0,"N",0.51,0,0,0,0,0,0,0,"N",0,0,0,0,0,0,0,0,0,0,0,0,0,0,0,0
"530",39000,3,"541611",58,0,2017,2,"N",1,0,0,0,0,0,0,0,"N",0.95,0,0,0,0,0,0,0,"N",0,0,0,0,0,0,0,0,0,0,0,0,0,0,0,0
"531",39000,3,"5418",56,0,2017,2,"N",2,0,0,0,0,0,0,0,"N",1.95,0,0,0,0,0,0,0,"N",0,0,0,0,0,0,0,0,0,0,0,0,0,0,0,0
"532",39000,3,"54182",57,0,2017,2,"N",2,0,0,0,0,0,0,0,"N",2.14,0,0,0,0,0,0,0,"N",0,0,0,0,0,0,0,0,0,0,0,0,0,0,0,0
"533",39000,3,"541820",58,0,2017,2,"N",2,0,0,0,0,0,0,0,"N",2.14,0,0,0,0,0,0,0,"N",0,0,0,0,0,0,0,0,0,0,0,0,0,0,0,0
"534",39000,3,"56",54,0,2017,2,"",332,5300,5474,5596,58732876,12435,162,828,"",3.3,1.87,1.9,1.9,1.94,0.02,0.02,1.03,"",0,0,324,6.5,349,6.8,355,6.8,4119206,7.5,-2737,-18,-5,-3,7,0.9
"535",39000,3,"561",55,0,2017,2,"",242,3414,3553,3584,35008393,0,0,766,"",3.67,2.21,2.25,2.22,2.29,0,0,1.03,"",1,0.4,312,10.1,331,10.3,294,8.9,2858863,8.9,0,0,0,0,-6,-0.8
"536",39000,3,"5612",56,0,2017,2,"N",1,0,0,0,0,0,0,0,"N",0.23,0,0,0,0,0,0,0,"N",0,0,0,0,0,0,0,0,0,0,0,0,0,0,0,0
"537",39000,3,"56121",57,0,2017,2,"N",1,0,0,0,0,0,0,0,"N",0.23,0,0,0,0,0,0,0,"N",0,0,0,0,0,0,0,0,0,0,0,0,0,0,0,0
"538",39000,3,"561210",58,0,2017,2,"N",1,0,0,0,0,0,0,0,"N",0.23,0,0,0,0,0,0,0,"N",0,0,0,0,0,0,0,0,0,0,0,0,0,0,0,0
"539",39000,3,"5613",56,0,2017,2,"N",1,0,0,0,0,0,0,0,"N",1.74,0,0,0,0,0,0,0,"N",0,0,0,0,0,0,0,0,0,0,0,0,0,0,0,0
"540",39000,3,"56132",57,0,2017,2,"N",1,0,0,0,0,0,0,0,"N",3.31,0,0,0,0,0,0,0,"N",0,0,0,0,0,0,0,0,0,0,0,0,0,0,0,0
"541",39000,3,"561320",58,0,2017,2,"N",1,0,0,0,0,0,0,0,"N",3.31,0,0,0,0,0,0,0,"N",0,0,0,0,0,0,0,0,0,0,0,0,0,0,0,0
"542",39000,3,"5614",56,0,2017,2,"N",2,0,0,0,0,0,0,0,"N",0.71,0,0,0,0,0,0,0,"N",0,0,0,0,0,0,0,0,0,0,0,0,0,0,0,0
"543",39000,3,"56141",57,0,2017,2,"N",1,0,0,0,0,0,0,0,"N",2.21,0,0,0,0,0,0,0,"N",0,0,0,0,0,0,0,0,0,0,0,0,0,0,0,0
"544",39000,3,"561410",58,0,2017,2,"N",1,0,0,0,0,0,0,0,"N",2.21,0,0,0,0,0,0,0,"N",0,0,0,0,0,0,0,0,0,0,0,0,0,0,0,0
"545",39000,3,"56149",57,0,2017,2,"N",1,0,0,0,0,0,0,0,"N",2.37,0,0,0,0,0,0,0,"N",0,0,0,0,0,0,0,0,0,0,0,0,0,0,0,0
"546",39000,3,"561492",58,0,2017,2,"N",1,0,0,0,0,0,0,0,"N",16.57,0,0,0,0,0,0,0,"N",0,0,0,0,0,0,0,0,0,0,0,0,0,0,0,0
"547",39000,3,"5615",56,0,2017,2,"N",1,0,0,0,0,0,0,0,"N",0.3,0,0,0,0,0,0,0,"N",0,0,0,0,0,0,0,0,0,0,0,0,0,0,0,0
"548",39000,3,"56159",57,0,2017,2,"N",1,0,0,0,0,0,0,0,"N",0.31,0,0,0,0,0,0,0,"N",0,0,0,0,0,0,0,0,0,0,0,0,0,0,0,0
"549",39000,3,"561591",58,0,2017,2,"N",1,0,0,0,0,0,0,0,"N",0.35,0,0,0,0,0,0,0,"N",0,0,0,0,0,0,0,0,0,0,0,0,0,0,0,0
"550",39000,3,"5617",56,0,2017,2,"",232,2795,2905,2985,31584472,0,0,839,"",5.04,3.04,3.09,3.04,3.54,0,0,1.16,"",1,0.4,61,2.2,96,3.4,106,3.7,1985353,6.7,0,0,0,0,28,3.5
"551",39000,3,"56172",57,0,2017,2,"",179,2243,2277,2301,25396875,0,0,859,"",6.52,4.78,4.81,4.77,5.46,0,0,1.14,"",0,0,58,2.7,73,3.3,76,3.4,1872966,8,0,0,0,0,38,4.6
"552",39000,3,"561720",58,0,2017,2,"",179,2243,2277,2301,25396875,0,0,859,"",6.52,4.78,4.81,4.77,5.46,0,0,1.14,"",0,0,58,2.7,73,3.3,76,3.4,1872966,8,0,0,0,0,38,4.6
"553",39000,3,"56173",57,0,2017,2,"",29,394,469,519,4880660,0,0,815,"",4.2,2.54,2.9,2.84,3.42,0,0,1.24,"",1,3.6,2,0.5,25,5.6,29,5.9,173396,3.7,0,0,0,0,-4,-0.5
"554",39000,3,"561730",58,0,2017,2,"",29,394,469,519,4880660,0,0,815,"",4.2,2.54,2.9,2.84,3.42,0,0,1.24,"",1,3.6,2,0.5,25,5.6,29,5.9,173396,3.7,0,0,0,0,-4,-0.5
"555",39000,3,"56179",57,0,2017,2,"",24,158,159,165,1306937,0,0,626,"",2.82,0.68,0.68,0.69,0.62,0,0,0.91,"",0,0,1,0.6,-2,-1.2,1,0.6,-61009,-4.5,0,0,0,0,-29,-4.4
"556",39000,3,"561790",58,0,2017,2,"",24,158,159,165,1306937,0,0,626,"",2.82,0.68,0.68,0.69,0.62,0,0,0.91,"",0,0,1,0.6,-2,-1.2,1,0.6,-61009,-4.5,0,0,0,0,-29,-4.4
"557",39000,3,"5619",56,0,2017,2,"",5,51,49,46,471425,0,0,745,"",1.02,0.29,0.27,0.26,0.31,0,0,1.13,"",0,0,-4,-7.3,-5,-9.3,-4,-8,-1634,-0.3,0,0,0,0,58,8.4
"558",39000,3,"56192",57,0,2017,2,"N",1,0,0,0,0,0,0,0,"N",1.66,0,0,0,0,0,0,0,"N",0,0,0,0,0,0,0,0,0,0,0,0,0,0,0,0
"559",39000,3,"561920",58,0,2017,2,"N",1,0,0,0,0,0,0,0,"N",1.66,0,0,0,0,0,0,0,"N",0,0,0,0,0,0,0,0,0,0,0,0,0,0,0,0
"560",39000,3,"56199",57,0,2017,2,"N",4,0,0,0,0,0,0,0,"N",0.93,0,0,0,0,0,0,0,"N",0,0,0,0,0,0,0,0,0,0,0,0,0,0,0,0
"561",39000,3,"561990",58,0,2017,2,"N",4,0,0,0,0,0,0,0,"N",0.93,0,0,0,0,0,0,0,"N",0,0,0,0,0,0,0,0,0,0,0,0,0,0,0,0
"562",39000,3,"562",55,0,2017,2,"",90,1886,1921,2012,23724483,12435,162,941,"",2.6,1.46,1.47,1.52,1.58,0.05,0.07,1.07,"",-1,-1.1,12,0.6,18,0.9,61,3.1,1260343,5.6,-2737,-18,-5,-3,36,4
"563",39000,3,"5621",56,0,2017,2,"",12,355,355,363,3929490,0,0,845,"",1.52,2,1.98,1.97,2.3,0,0,1.16,"",0,0,17,5,9,2.6,12,3.4,86426,2.2,0,0,0,0,-12,-1.4
"564",39000,3,"56211",57,0,2017,2,"",12,355,355,363,3929490,0,0,845,"",1.52,2,1.98,1.97,2.3,0,0,1.16,"",0,0,17,5,9,2.6,12,3.4,86426,2.2,0,0,0,0,-12,-1.4
"565",39000,3,"562111",58,0,2017,2,"",9,325,325,333,3672474,0,0,862,"",1.23,1.88,1.86,1.86,2.19,0,0,1.17,"",0,0,16,5.2,8,2.5,11,3.4,102691,2.9,0,0,0,0,-7,-0.8
"566",39000,3,"562119",58,0,2017,2,"",3,30,30,30,257016,0,0,659,"",7.1,7.59,7.22,7.11,10.95,0,0,1.5,"",0,0,1,3.4,1,3.4,1,3.4,-16265,-6,0,0,0,0,-66,-9.1
"567",39000,3,"5622",56,0,2017,2,"",61,1360,1390,1434,17651744,12435,162,974,"",2.66,1.29,1.31,1.33,1.39,0.07,0.1,1.06,"",0,0,-22,-1.6,-6,-0.4,25,1.8,1002943,6,-2737,-18,-5,-3,56,6.1
"568",39000,3,"56221",57,0,2017,2,"",61,1360,1390,1434,17651744,12435,162,974,"",2.66,1.29,1.31,1.33,1.39,0.07,0.1,1.06,"",0,0,-22,-1.6,-6,-0.4,25,1.8,1002943,6,-2737,-18,-5,-3,56,6.1
"569",39000,3,"562211",58,0,2017,2,"",9,74,74,78,911079,0,0,930,"",5.63,1.7,1.67,1.72,1.95,0,0,1.15,"",0,0,2,2.8,1,1.4,3,4,-49256,-5.1,0,0,0,0,-77,-7.6
"570",39000,3,"562212",58,0,2017,2,"",30,833,852,874,10795757,12435,162,974,"",1.77,0.97,0.99,1,1.07,0.08,0.12,1.08,"",0,0,-20,-2.3,-7,-0.8,2,0.2,650823,6.4,-2737,-18,-5,-3,68,7.5
"571",39000,3,"562219",58,0,2017,2,"",22,453,464,482,5944908,0,0,981,"",5.93,3.31,3.35,3.4,3.08,0,0,0.92,"",0,0,-4,-0.9,0,0,20,4.3,401376,7.2,0,0,0,0,56,6.1
"572",39000,3,"5629",56,0,2017,2,"",17,171,176,215,2143249,0,0,880,"",4.51,3,2.91,3.56,4.02,0,0,1.27,"",-1,-5.6,17,11,15,9.3,24,12.6,170974,8.7,0,0,0,0,-19,-2.1
"573",39000,3,"56292",57,0,2017,2,"N",13,0,0,0,0,0,0,0,"N",4.4,0,0,0,0,0,0,0,"N",-1,-7.1,0,0,0,0,0,0,0,0,0,0,0,0,0,0
"574",39000,3,"562920",58,0,2017,2,"N",13,0,0,0,0,0,0,0,"N",4.4,0,0,0,0,0,0,0,"N",-1,-7.1,0,0,0,0,0,0,0,0,0,0,0,0,0,0
"575",39000,3,"56299",57,0,2017,2,"N",4,0,0,0,0,0,0,0,"N",6.02,0,0,0,0,0,0,0,"N",0,0,0,0,0,0,0,0,0,0,0,0,0,0,0,0
"576",39000,3,"562998",58,0,2017,2,"N",4,0,0,0,0,0,0,0,"N",6.31,0,0,0,0,0,0,0,"N",0,0,0,0,0,0,0,0,0,0,0,0,0,0,0,0
"577",39000,3,"61",54,0,2017,2,"",3518,285965,288912,263960,3147236412,4819820,129022,866,"",1.77,0.94,0.94,0.92,0.96,0.11,0.53,1.02,"",4,0.1,2290,0.8,3063,1.1,4042,1.6,102200009,3.4,-105513,-2.1,6152,5,19,2.2
"578",39000,3,"611",55,0,2017,2,"",3518,285965,288912,263960,3147236412,4819820,129022,866,"",1.77,0.94,0.94,0.92,0.96,0.11,0.53,1.02,"",4,0.1,2290,0.8,3063,1.1,4042,1.6,102200009,3.4,-105513,-2.1,6152,5,19,2.2
"579",39000,3,"6111",56,0,2017,2,"",3427,251465,254386,232299,2855312444,4819820,129022,893,"",1.78,0.89,0.89,0.87,0.92,0.12,0.59,1.05,"",4,0.1,2554,1,2781,1.1,4372,1.9,96972777,3.5,-105513,-2.1,6152,5,19,2.2
"580",39000,3,"61111",57,0,2017,2,"",3427,251465,254386,232299,2855312444,4819820,129022,893,"",1.78,0.89,0.89,0.87,0.92,0.12,0.59,1.05,"",4,0.1,2554,1,2781,1.1,4372,1.9,96972777,3.5,-105513,-2.1,6152,5,19,2.2
"581",39000,3,"611110",58,0,2017,2,"",3427,251465,254386,232299,2855312444,4819820,129022,893,"",1.78,0.89,0.89,0.87,0.92,0.12,0.59,1.05,"",4,0.1,2554,1,2781,1.1,4372,1.9,96972777,3.5,-105513,-2.1,6152,5,19,2.2
"582",39000,3,"6112",56,0,2017,2,"",24,18639,18674,16830,159674510,0,0,681,"",0.64,1.08,1.09,1.15,1.04,0,0,0.94,"",0,0,-264,-1.4,317,1.7,97,0.6,2991206,1.9,0,0,0,0,11,1.6
"583",39000,3,"61121",57,0,2017,2,"",24,18639,18674,16830,159674510,0,0,681,"",0.64,1.08,1.09,1.15,1.04,0,0,0.94,"",0,0,-264,-1.4,317,1.7,97,0.6,2991206,1.9,0,0,0,0,11,1.6
"584",39000,3,"611210",58,0,2017,2,"",24,18639,18674,16830,159674510,0,0,681,"",0.64,1.08,1.09,1.15,1.04,0,0,0.94,"",0,0,-264,-1.4,317,1.7,97,0.6,2991206,1.9,0,0,0,0,11,1.6
"585",39000,3,"6115",56,0,2017,2,"",4,160,159,109,1459143,0,0,787,"",0.79,0.41,0.41,0.3,0.37,0,0,1.01,"",0,0,9,6,16,11.2,2,1.9,-120644,-7.6,0,0,0,0,-122,-13.4
"586",39000,3,"61151",57,0,2017,2,"",4,160,159,109,1459143,0,0,787,"",0.79,0.41,0.41,0.3,0.37,0,0,1.01,"",0,0,9,6,16,11.2,2,1.9,-120644,-7.6,0,0,0,0,-122,-13.4
"587",39000,3,"611519",58,0,2017,2,"",4,160,159,109,1459143,0,0,787,"",1.06,0.52,0.52,0.38,0.47,0,0,0.99,"",0,0,9,6,16,11.2,2,1.9,-120644,-7.6,0,0,0,0,-122,-13.4
"588",39000,3,"6116",56,0,2017,2,"",6,320,346,388,1583043,0,0,347,"",0.86,1.04,1.08,1.14,0.68,0,0,0.62,"",0,0,-72,-18.4,-37,-9.7,-55,-12.4,-170209,-9.7,0,0,0,0,15,4.5
"589",39000,3,"61161",57,0,2017,2,"N",1,0,0,0,0,0,0,0,"N",2.37,0,0,0,0,0,0,0,"N",0,0,0,0,0,0,0,0,0,0,0,0,0,0,0,0
"590",39000,3,"611610",58,0,2017,2,"N",1,0,0,0,0,0,0,0,"N",2.37,0,0,0,0,0,0,0,"N",0,0,0,0,0,0,0,0,0,0,0,0,0,0,0,0
"591",39000,3,"61162",57,0,2017,2,"",4,232,255,308,983637,0,0,286,"",1.98,1.85,1.86,1.98,1.14,0,0,0.6,"",0,0,-65,-21.9,-41,-13.9,-60,-16.3,-94031,-8.7,0,0,0,0,27,10.4
"592",39000,3,"611620",58,0,2017,2,"",4,232,255,308,983637,0,0,286,"",1.98,1.85,1.86,1.98,1.14,0,0,0.6,"",0,0,-65,-21.9,-41,-13.9,-60,-16.3,-94031,-8.7,0,0,0,0,27,10.4
"593",39000,3,"61169",57,0,2017,2,"N",1,0,0,0,0,0,0,0,"N",0.23,0,0,0,0,0,0,0,"N",0,0,0,0,0,0,0,0,0,0,0,0,0,0,0,0
"594",39000,3,"611691",58,0,2017,2,"N",1,0,0,0,0,0,0,0,"N",0.57,0,0,0,0,0,0,0,"N",0,0,0,0,0,0,0,0,0,0,0,0,0,0,0,0
"595",39000,3,"6117",56,0,2017,2,"",57,15381,15347,14334,129207272,0,0,662,"",6.21,15.24,15.12,14.96,13.87,0,0,0.92,"",0,0,63,0.4,-14,-0.1,-374,-2.5,2526879,2,0,0,0,0,18,2.8
"596",39000,3,"61171",57,0,2017,2,"",57,15381,15347,14334,129207272,0,0,662,"",6.21,15.24,15.12,14.96,13.87,0,0,0.92,"",0,0,63,0.4,-14,-0.1,-374,-2.5,2526879,2,0,0,0,0,18,2.8
"597",39000,3,"611710",58,0,2017,2,"",57,15381,15347,14334,129207272,0,0,662,"",6.21,15.24,15.12,14.96,13.87,0,0,0.92,"",0,0,63,0.4,-14,-0.1,-374,-2.5,2526879,2,0,0,0,0,18,2.8
"598",39000,3,"62",54,0,2017,2,"",446,45300,45252,45263,544411091,185136,3297,925,"",2.09,1.32,1.31,1.3,1.26,0.02,0.04,0.96,"",-4,-0.9,-914,-2,-1051,-2.3,-902,-2,11909369,2.2,682,0.4,1265,62.3,39,4.4
"599",39000,3,"621",55,0,2017,2,"",128,4447,4456,4460,57753382,130804,1729,997,"",1.88,1.6,1.59,1.59,1.68,0.1,0.09,1.05,"",-4,-3,79,1.8,77,1.8,38,0.9,6449016,12.6,-25100,-16.1,266,18.2,98,10.9
"600",39000,3,"6211",56,0,2017,2,"",23,968,950,967,17353463,116809,1519,1388,"",0.87,1.16,1.13,1.14,1.28,0.33,0.28,1.12,"",-2,-8,14,1.5,-23,-2.4,-28,-2.8,170024,1,-17018,-12.7,315,26.2,31,2.3
"601",39000,3,"62111",57,0,2017,2,"",23,968,950,967,17353463,116809,1519,1388,"",0.87,1.16,1.13,1.14,1.28,0.33,0.28,1.12,"",-2,-8,14,1.5,-23,-2.4,-28,-2.8,170024,1,-17018,-12.7,315,26.2,31,2.3
"602",39000,3,"621111",58,0,2017,2,"N",22,0,0,0,0,0,0,0,"N",0.84,0,0,0,0,0,0,0,"N",-2,-8.3,0,0,0,0,0,0,0,0,0,0,0,0,0,0
"603",39000,3,"621112",58,0,2017,2,"N",1,0,0,0,0,0,0,0,"N",5.52,0,0,0,0,0,0,0,"N",0,0,0,0,0,0,0,0,0,0,0,0,0,0,0,0
"604",39000,3,"6213",56,0,2017,2,"N",4,0,0,0,0,0,0,0,"N",1.18,0,0,0,0,0,0,0,"N",0,0,0,0,0,0,0,0,0,0,0,0,0,0,0,0
"605",39000,3,"62139",57,0,2017,2,"N",4,0,0,0,0,0,0,0,"N",2.5,0,0,0,0,0,0,0,"N",0,0,0,0,0,0,0,0,0,0,0,0,0,0,0,0
"606",39000,3,"621399",58,0,2017,2,"N",4,0,0,0,0,0,0,0,"N",2.5,0,0,0,0,0,0,0,"N",0,0,0,0,0,0,0,0,0,0,0,0,0,0,0,0
"607",39000,3,"6214",56,0,2017,2,"",21,1396,1410,1445,23643191,0,0,1283,"",1.54,1.36,1.36,1.39,1.87,0,0,1.37,"",0,0,60,4.5,77,5.8,90,6.6,5594364,31,0,0,0,0,248,24
"608",39000,3,"62141",57,0,2017,2,"N",1,0,0,0,0,0,0,0,"N",2.55,0,0,0,0,0,0,0,"N",-1,-50,0,0,0,0,0,0,0,0,0,0,0,0,0,0
"609",39000,3,"621410",58,0,2017,2,"N",1,0,0,0,0,0,0,0,"N",2.55,0,0,0,0,0,0,0,"N",-1,-50,0,0,0,0,0,0,0,0,0,0,0,0,0,0
"610",39000,3,"62142",57,0,2017,2,"N",3,0,0,0,0,0,0,0,"N",0.51,0,0,0,0,0,0,0,"N",0,0,0,0,0,0,0,0,0,0,0,0,0,0,0,0
"611",39000,3,"621420",58,0,2017,2,"N",3,0,0,0,0,0,0,0,"N",0.51,0,0,0,0,0,0,0,"N",0,0,0,0,0,0,0,0,0,0,0,0,0,0,0,0
"612",39000,3,"62149",57,0,2017,2,"",17,1364,1378,1413,23284419,0,0,1293,"",2.3,2.63,2.63,2.69,3.21,0,0,1.21,"",1,6.2,71,5.5,88,6.8,100,7.6,5708349,32.5,0,0,0,0,252,24.2
"613",39000,3,"621491",58,0,2017,2,"N",1,0,0,0,0,0,0,0,"N",33.13,0,0,0,0,0,0,0,"N",1,100,0,0,0,0,0,0,0,0,0,0,0,0,0,0
"614",39000,3,"621493",58,0,2017,2,"N",1,0,0,0,0,0,0,0,"N",1.07,0,0,0,0,0,0,0,"N",0,0,0,0,0,0,0,0,0,0,0,0,0,0,0,0
"615",39000,3,"621498",58,0,2017,2,"",15,1233,1248,1283,15859768,0,0,972,"",2.36,2.88,2.88,2.95,2.78,0,0,0.96,"N",0,0,0,0,0,0,0,0,0,0,0,0,0,0,0,0
"616",39000,3,"6215",56,0,2017,2,"N",1,0,0,0,0,0,0,0,"N",1.58,0,0,0,0,0,0,0,"N",0,0,0,0,0,0,0,0,0,0,0,0,0,0,0,0
"617",39000,3,"62151",57,0,2017,2,"N",1,0,0,0,0,0,0,0,"N",1.58,0,0,0,0,0,0,0,"N",0,0,0,0,0,0,0,0,0,0,0,0,0,0,0,0
"618",39000,3,"621511",58,0,2017,2,"N",1,0,0,0,0,0,0,0,"N",2.76,0,0,0,0,0,0,0,"N",0,0,0,0,0,0,0,0,0,0,0,0,0,0,0,0
"619",39000,3,"6216",56,0,2017,2,"",7,183,183,183,1314627,0,0,553,"",2.52,1.45,1.44,1.43,0.96,0,0,0.67,"",-3,-30,-11,-5.7,-14,-7.1,-10,-5.2,-90988,-6.5,0,0,0,0,-2,-0.4
"620",39000,3,"62161",57,0,2017,2,"",7,183,183,183,1314627,0,0,553,"",2.52,1.45,1.44,1.43,0.96,0,0,0.67,"",-3,-30,-11,-5.7,-14,-7.1,-10,-5.2,-90988,-6.5,0,0,0,0,-2,-0.4
"621",39000,3,"621610",58,0,2017,2,"",7,183,183,183,1314627,0,0,553,"",2.52,1.45,1.44,1.43,0.96,0,0,0.67,"",-3,-30,-11,-5.7,-14,-7.1,-10,-5.2,-90988,-6.5,0,0,0,0,-2,-0.4
"622",39000,3,"6219",56,0,2017,2,"",72,1806,1818,1766,13990444,13995,210,599,"",3.42,2.65,2.65,2.57,2.5,0.05,0.06,0.95,"",1,1.4,10,0.6,34,1.9,-15,-0.8,572206,4.3,-8082,-36.6,-49,-18.9,21,3.6
"623",39000,3,"62191",57,0,2017,2,"",49,1287,1302,1251,8810070,13995,210,529,"",2.78,2.1,2.11,2.02,1.77,0.05,0.06,0.85,"",1,2.1,-23,-1.8,1,0.1,-47,-3.6,331981,3.9,-8082,-36.6,-49,-18.9,28,5.6
"624",39000,3,"621910",58,0,2017,2,"",49,1287,1302,1251,8810070,13995,210,529,"",2.78,2.1,2.11,2.02,1.77,0.05,0.06,0.85,"",1,2.1,-23,-1.8,1,0.1,-47,-3.6,331981,3.9,-8082,-36.6,-49,-18.9,28,5.6
"625",39000,3,"62199",57,0,2017,2,"",23,519,516,515,5180374,0,0,771,"",6.74,7.53,7.42,7.42,8.4,0,0,1.13,"",0,0,33,6.8,33,6.8,32,6.6,240225,4.9,0,0,0,0,-14,-1.8
"626",39000,3,"621991",58,0,2017,2,"N",1,0,0,0,0,0,0,0,"N",33.13,0,0,0,0,0,0,0,"N",0,0,0,0,0,0,0,0,0,0,0,0,0,0,0,0
"627",39000,3,"621999",58,0,2017,2,"N",22,0,0,0,0,0,0,0,"N",6.51,0,0,0,0,0,0,0,"N",0,0,0,0,0,0,0,0,0,0,0,0,0,0,0,0
"628",39000,3,"622",55,0,2017,2,"",14,10568,10584,10655,169289392,0,0,1228,"",0.34,0.43,0.43,0.43,0.51,0,0,1.19,"",0,0,105,1,53,0.5,73,0.7,6751911,4.2,0,0,0,0,40,3.4
"629",39000,3,"6221",56,0,2017,2,"",14,10568,10584,10655,169289392,0,0,1228,"",0.34,0.43,0.43,0.43,0.51,0,0,1.19,"",0,0,105,1,53,0.5,73,0.7,6751911,4.2,0,0,0,0,40,3.4
"630",39000,3,"62211",57,0,2017,2,"",14,10568,10584,10655,169289392,0,0,1228,"",0.34,0.43,0.43,0.43,0.51,0,0,1.19,"",0,0,105,1,53,0.5,73,0.7,6751911,4.2,0,0,0,0,40,3.4
"631",39000,3,"622110",58,0,2017,2,"",14,10568,10584,10655,169289392,0,0,1228,"",0.34,0.43,0.43,0.43,0.51,0,0,1.19,"",0,0,105,1,53,0.5,73,0.7,6751911,4.2,0,0,0,0,40,3.4
"632",39000,3,"623",55,0,2017,2,"",45,3107,3098,3094,27302214,0,0,678,"",1.99,1.23,1.22,1.21,1.29,0,0,1.06,"",0,0,26,0.8,1,0,3,0.1,1847536,7.3,0,0,0,0,44,6.9
"633",39000,3,"6231",56,0,2017,2,"",8,827,828,831,6802405,0,0,631,"",0.83,0.44,0.44,0.44,0.42,0,0,0.97,"",0,0,2,0.2,-1,-0.1,6,0.7,424254,6.7,0,0,0,0,37,6.2
"634",39000,3,"62311",57,0,2017,2,"",8,827,828,831,6802405,0,0,631,"",0.83,0.44,0.44,0.44,0.42,0,0,0.97,"",0,0,2,0.2,-1,-0.1,6,0.7,424254,6.7,0,0,0,0,37,6.2
"635",39000,3,"623110",58,0,2017,2,"",8,827,828,831,6802405,0,0,631,"",0.83,0.44,0.44,0.44,0.42,0,0,0.97,"",0,0,2,0.2,-1,-0.1,6,0.7,424254,6.7,0,0,0,0,37,6.2
"636",39000,3,"6232",56,0,2017,2,"",13,696,698,687,5767146,0,0,640,"",1.33,1.71,1.7,1.67,1.77,0,0,1.05,"",0,0,-16,-2.2,-28,-3.9,-35,-4.8,-133301,-2.3,0,0,0,0,10,1.6
"637",39000,3,"62321",57,0,2017,2,"N",12,0,0,0,0,0,0,0,"N",1.83,0,0,0,0,0,0,0,"N",0,0,0,0,0,0,0,0,0,0,0,0,0,0,0,0
"638",39000,3,"623210",58,0,2017,2,"N",12,0,0,0,0,0,0,0,"N",1.83,0,0,0,0,0,0,0,"N",0,0,0,0,0,0,0,0,0,0,0,0,0,0,0,0
"639",39000,3,"62322",57,0,2017,2,"N",1,0,0,0,0,0,0,0,"N",0.31,0,0,0,0,0,0,0,"N",0,0,0,0,0,0,0,0,0,0,0,0,0,0,0,0
"640",39000,3,"623220",58,0,2017,2,"N",1,0,0,0,0,0,0,0,"N",0.31,0,0,0,0,0,0,0,"N",0,0,0,0,0,0,0,0,0,0,0,0,0,0,0,0
"641",39000,3,"6233",56,0,2017,2,"",11,489,482,488,3571415,0,0,565,"",6.75,3.09,3.06,3.12,3.09,0,0,1,"",0,0,0,0,2,0.4,8,1.7,-167337,-4.5,0,0,0,0,-30,-5
"642",39000,3,"62331",57,0,2017,2,"",11,489,482,488,3571415,0,0,565,"",6.75,3.09,3.06,3.12,3.09,0,0,1,"",0,0,0,0,2,0.4,8,1.7,-167337,-4.5,0,0,0,0,-30,-5
"643",39000,3,"623312",58,0,2017,2,"",11,489,482,488,3571415,0,0,565,"",14.02,19.06,19.03,19.02,23.42,0,0,1.23,"",0,0,0,0,2,0.4,8,1.7,-167337,-4.5,0,0,0,0,-30,-5
"644",39000,3,"6239",56,0,2017,2,"",13,1095,1090,1088,11161248,0,0,787,"",8.61,14.07,14.03,14.01,17.5,0,0,1.25,"",0,0,40,3.8,28,2.6,24,2.3,1723920,18.3,0,0,0,0,102,14.9
"645",39000,3,"62399",57,0,2017,2,"",13,1095,1090,1088,11161248,0,0,787,"",8.61,14.07,14.03,14.01,17.5,0,0,1.25,"",0,0,40,3.8,28,2.6,24,2.3,1723920,18.3,0,0,0,0,102,14.9
"646",39000,3,"623990",58,0,2017,2,"",13,1095,1090,1088,11161248,0,0,787,"",8.61,14.07,14.03,14.01,17.5,0,0,1.25,"",0,0,40,3.8,28,2.6,24,2.3,1723920,18.3,0,0,0,0,102,14.9
"647",39000,3,"624",55,0,2017,2,"",259,27178,27114,27054,290066103,54332,1568,823,"",3.21,6.14,6.12,6.07,6.93,0.03,0.06,1.13,"",0,0,-1124,-4,-1182,-4.2,-1016,-3.6,-3139094,-1.1,25782,90.3,999,175.6,24,3
"648",39000,3,"6241",56,0,2017,2,"",234,26295,26254,26202,280443620,40221,1187,822,"",4.53,7.12,7.08,6.97,7.77,0.03,0.09,1.1,"",-1,-0.4,-920,-3.4,-969,-3.6,-817,-3,-2807407,-1,11671,40.9,618,108.6,20,2.5
"649",39000,3,"62411",57,0,2017,2,"",44,4704,4706,4750,50035571,0,0,815,"",5.59,6.89,6.88,6.85,8.34,0,0,1.21,"",0,0,12,0.3,1,0,35,0.7,-1460351,-2.8,0,0,0,0,-27,-3.2
"650",39000,3,"624110",58,0,2017,2,"",44,4704,4706,4750,50035571,0,0,815,"",5.59,6.89,6.88,6.85,8.34,0,0,1.21,"",0,0,12,0.3,1,0,35,0.7,-1460351,-2.8,0,0,0,0,-27,-3.2
"651",39000,3,"62412",57,0,2017,2,"",116,11480,11452,11300,118725096,31251,783,800,"",5.1,10.65,10.57,10.44,12.83,0.07,0.21,1.22,"",-1,-0.9,-1263,-9.9,-1258,-9.9,-1195,-9.6,-8977265,-7,19915,175.7,679,652.9,23,3
"652",39000,3,"624120",58,0,2017,2,"",116,11480,11452,11300,118725096,31251,783,800,"",5.1,10.65,10.57,10.44,12.83,0.07,0.21,1.22,"",-1,-0.9,-1263,-9.9,-1258,-9.9,-1195,-9.6,-8977265,-7,19915,175.7,679,652.9,23,3
"653",39000,3,"62419",57,0,2017,2,"",74,10111,10096,10152,111682953,8970,404,849,"",3.51,5.24,5.2,5.12,5.36,0.01,0.05,1.03,"",0,0,331,3.4,288,2.9,343,3.5,7630209,7.3,-8244,-47.9,-61,-13.1,32,3.9
"654",39000,3,"624190",58,0,2017,2,"",74,10111,10096,10152,111682953,8970,404,849,"",3.51,5.24,5.2,5.12,5.36,0.01,0.05,1.03,"",0,0,331,3.4,288,2.9,343,3.5,7630209,7.3,-8244,-47.9,-61,-13.1,32,3.9
"655",39000,3,"6242",56,0,2017,2,"",7,222,219,221,2309317,14111,381,805,"",1.2,1.95,1.97,1.83,2.39,0.21,0.18,1.25,"",1,16.7,4,1.8,5,2.3,7,3.3,298033,14.8,14111,100,381,100,87,12.1
"656",39000,3,"62421",57,0,2017,2,"N",3,0,0,0,0,0,0,0,"N",1.07,0,0,0,0,0,0,0,"N",1,50,0,0,0,0,0,0,0,0,0,0,0,0,0,0
"657",39000,3,"624210",58,0,2017,2,"N",3,0,0,0,0,0,0,0,"N",1.07,0,0,0,0,0,0,0,"N",1,50,0,0,0,0,0,0,0,0,0,0,0,0,0,0
"658",39000,3,"62422",57,0,2017,2,"N",1,0,0,0,0,0,0,0,"N",0.41,0,0,0,0,0,0,0,"N",0,0,0,0,0,0,0,0,0,0,0,0,0,0,0,0
"659",39000,3,"624229",58,0,2017,2,"N",1,0,0,0,0,0,0,0,"N",0.53,0,0,0,0,0,0,0,"N",0,0,0,0,0,0,0,0,0,0,0,0,0,0,0,0
"660",39000,3,"62423",57,0,2017,2,"",3,206,203,205,2244772,0,0,844,"",4.73,14.54,14.06,14.11,17.57,0,0,1.23,"",0,0,0,0,1,0.5,3,1.5,283782,14.5,0,0,0,0,102,13.7
"661",39000,3,"624230",58,0,2017,2,"",3,206,203,205,2244772,0,0,844,"",4.73,14.54,14.06,14.11,17.57,0,0,1.23,"",0,0,0,0,1,0.5,3,1.5,283782,14.5,0,0,0,0,102,13.7
"662",39000,3,"6243",56,0,2017,2,"",13,589,569,561,6460092,0,0,867,"",1.99,2.41,2.32,2.2,3.23,0,0,1.4,"",0,0,-182,-23.6,-192,-25.2,-181,-24.4,-494672,-7.1,0,0,0,0,161,22.8
"663",39000,3,"62431",57,0,2017,2,"",13,589,569,561,6460092,0,0,867,"",1.99,2.41,2.32,2.2,3.23,0,0,1.4,"",0,0,-182,-23.6,-192,-25.2,-181,-24.4,-494672,-7.1,0,0,0,0,161,22.8
"664",39000,3,"624310",58,0,2017,2,"",13,589,569,561,6460092,0,0,867,"",1.99,2.41,2.32,2.2,3.23,0,0,1.4,"",0,0,-182,-23.6,-192,-25.2,-181,-24.4,-494672,-7.1,0,0,0,0,161,22.8
"665",39000,3,"6244",56,0,2017,2,"",5,72,72,70,853074,0,0,920,"",0.3,0.19,0.2,0.21,0.3,0,0,1.52,"",0,0,-26,-26.5,-26,-26.5,-25,-26.3,-135048,-13.7,0,0,0,0,136,17.3
"666",39000,3,"62441",57,0,2017,2,"",5,72,72,70,853074,0,0,920,"",0.3,0.19,0.2,0.21,0.3,0,0,1.52,"",0,0,-26,-26.5,-26,-26.5,-25,-26.3,-135048,-13.7,0,0,0,0,136,17.3
"667",39000,3,"624410",58,0,2017,2,"",5,72,72,70,853074,0,0,920,"",0.3,0.19,0.2,0.21,0.3,0,0,1.52,"",0,0,-26,-26.5,-26,-26.5,-25,-26.3,-135048,-13.7,0,0,0,0,136,17.3
"668",39000,3,"71",54,0,2017,2,"N",271,0,0,0,0,0,0,0,"N",2.25,0,0,0,0,0,0,0,"N",2,0.7,0,0,0,0,0,0,0,0,0,0,0,0,0,0
"669",39000,3,"711",55,0,2017,2,"N",4,0,0,0,0,0,0,0,"N",0.8,0,0,0,0,0,0,0,"N",1,33.3,0,0,0,0,0,0,0,0,0,0,0,0,0,0
"670",39000,3,"7113",56,0,2017,2,"N",4,0,0,0,0,0,0,0,"N",0.97,0,0,0,0,0,0,0,"N",1,33.3,0,0,0,0,0,0,0,0,0,0,0,0,0,0
"671",39000,3,"71131",57,0,2017,2,"N",4,0,0,0,0,0,0,0,"N",1.02,0,0,0,0,0,0,0,"N",1,33.3,0,0,0,0,0,0,0,0,0,0,0,0,0,0
"672",39000,3,"711310",58,0,2017,2,"N",4,0,0,0,0,0,0,0,"N",1.02,0,0,0,0,0,0,0,"N",1,33.3,0,0,0,0,0,0,0,0,0,0,0,0,0,0
"673",39000,3,"712",55,0,2017,2,"",46,2110,2286,2797,13681875,0,0,439,"",2.09,1.27,1.28,1.33,1.08,0,0,0.84,"",1,2.2,70,3.4,-71,-3,28,1,619858,4.7,0,0,0,0,18,4.3
"674",39000,3,"7121",56,0,2017,2,"",46,2110,2286,2797,13681875,0,0,439,"",2.09,1.27,1.28,1.33,1.08,0,0,0.84,"",1,2.2,70,3.4,-71,-3,28,1,619858,4.7,0,0,0,0,18,4.3
"675",39000,3,"71211",57,0,2017,2,"N",2,0,0,0,0,0,0,0,"N",0.38,0,0,0,0,0,0,0,"N",1,100,0,0,0,0,0,0,0,0,0,0,0,0,0,0
"676",39000,3,"712110",58,0,2017,2,"N",2,0,0,0,0,0,0,0,"N",0.38,0,0,0,0,0,0,0,"N",1,100,0,0,0,0,0,0,0,0,0,0,0,0,0,0
"677",39000,3,"71212",57,0,2017,2,"N",1,0,0,0,0,0,0,0,"N",1.66,0,0,0,0,0,0,0,"N",0,0,0,0,0,0,0,0,0,0,0,0,0,0,0,0
"678",39000,3,"712120",58,0,2017,2,"N",1,0,0,0,0,0,0,0,"N",1.66,0,0,0,0,0,0,0,"N",0,0,0,0,0,0,0,0,0,0,0,0,0,0,0,0
"679",39000,3,"71213",57,0,2017,2,"N",2,0,0,0,0,0,0,0,"N",3.9,0,0,0,0,0,0,0,"N",0,0,0,0,0,0,0,0,0,0,0,0,0,0,0,0
"680",39000,3,"712130",58,0,2017,2,"N",2,0,0,0,0,0,0,0,"N",3.9,0,0,0,0,0,0,0,"N",0,0,0,0,0,0,0,0,0,0,0,0,0,0,0,0
"681",39000,3,"71219",57,0,2017,2,"",41,1950,2120,2625,12363819,0,0,426,"",2.63,1.35,1.35,1.41,1.11,0,0,0.81,"",0,0,59,3.1,-81,-3.7,14,0.5,324550,2.7,0,0,0,0,12,2.9
"682",39000,3,"712190",58,0,2017,2,"",41,1950,2120,2625,12363819,0,0,426,"",2.63,1.35,1.35,1.41,1.11,0,0,0.81,"",0,0,59,3.1,-81,-3.7,14,0.5,324550,2.7,0,0,0,0,12,2.9
"683",39000,3,"713",55,0,2017,2,"",221,8520,10789,15860,49721370,42374,636,326,"",2.37,0.9,1.07,1.35,0.75,0.01,0,0.67,"",0,0,79,0.9,130,1.2,-136,-0.9,2147118,4.5,2690,6.8,358,128.8,13,4.2
"684",39000,3,"7139",56,0,2017,2,"",221,8520,10789,15860,49721370,42374,636,326,"",2.71,1.86,2.1,2.34,1.96,0.04,0.03,0.92,"",0,0,79,0.9,130,1.2,-136,-0.9,2147118,4.5,2690,6.8,358,128.8,13,4.2
"685",39000,3,"71391",57,0,2017,2,"",25,685,810,910,2863659,0,0,275,"",3.57,3.01,3.14,3.09,2.42,0,0,0.78,"",0,0,22,3.3,-19,-2.3,0,0,62764,2.2,0,0,0,0,6,2.2
"686",39000,3,"713910",58,0,2017,2,"",25,685,810,910,2863659,0,0,275,"",3.57,3.01,3.14,3.09,2.42,0,0,0.78,"",0,0,22,3.3,-19,-2.3,0,0,62764,2.2,0,0,0,0,6,2.2
"687",39000,3,"71392",57,0,2017,2,"N",1,0,0,0,0,0,0,0,"N",6.63,0,0,0,0,0,0,0,"N",0,0,0,0,0,0,0,0,0,0,0,0,0,0,0,0
"688",39000,3,"713920",58,0,2017,2,"N",1,0,0,0,0,0,0,0,"N",6.63,0,0,0,0,0,0,0,"N",0,0,0,0,0,0,0,0,0,0,0,0,0,0,0,0
"689",39000,3,"71393",57,0,2017,2,"N",2,0,0,0,0,0,0,0,"N",1.74,0,0,0,0,0,0,0,"N",0,0,0,0,0,0,0,0,0,0,0,0,0,0,0,0
"690",39000,3,"713930",58,0,2017,2,"N",2,0,0,0,0,0,0,0,"N",1.74,0,0,0,0,0,0,0,"N",0,0,0,0,0,0,0,0,0,0,0,0,0,0,0,0
"691",39000,3,"71394",57,0,2017,2,"",100,2347,3305,5299,12566912,0,0,265,"",2.73,1.29,1.59,1.86,1.42,0,0,0.87,"",-2,-2,-102,-4.2,-74,-2.2,-153,-2.8,-118754,-0.9,0,0,0,0,5,1.9
"692",39000,3,"713940",58,0,2017,2,"",100,2347,3305,5299,12566912,0,0,265,"",2.73,1.29,1.59,1.86,1.42,0,0,0.87,"",-2,-2,-102,-4.2,-74,-2.2,-153,-2.8,-118754,-0.9,0,0,0,0,5,1.9
"693",39000,3,"71399",57,0,2017,2,"",93,5465,6638,9584,34210338,42374,636,364,"",2.54,2.18,2.39,2.67,2.26,0.09,0.08,0.92,"",2,2.2,158,3,224,3.5,15,0.2,2208376,6.9,2690,6.8,358,128.8,17,4.9
"694",39000,3,"713990",58,0,2017,2,"",93,5465,6638,9584,34210338,42374,636,364,"",2.54,2.18,2.39,2.67,2.26,0.09,0.08,0.92,"",2,2.2,158,3,224,3.5,15,0.2,2208376,6.9,2690,6.8,358,128.8,17,4.9
"695",39000,3,"72",54,0,2017,2,"N",1,0,0,0,0,0,0,0,"N",0.05,0,0,0,0,0,0,0,"N",0,0,0,0,0,0,0,0,0,0,0,0,0,0,0,0
"696",39000,3,"722",55,0,2017,2,"N",1,0,0,0,0,0,0,0,"N",0.06,0,0,0,0,0,0,0,"N",0,0,0,0,0,0,0,0,0,0,0,0,0,0,0,0
"697",39000,3,"7223",56,0,2017,2,"N",1,0,0,0,0,0,0,0,"N",0.24,0,0,0,0,0,0,0,"N",0,0,0,0,0,0,0,0,0,0,0,0,0,0,0,0
"698",39000,3,"72231",57,0,2017,2,"N",1,0,0,0,0,0,0,0,"N",0.24,0,0,0,0,0,0,0,"N",0,0,0,0,0,0,0,0,0,0,0,0,0,0,0,0
"699",39000,3,"722310",58,0,2017,2,"N",1,0,0,0,0,0,0,0,"N",0.24,0,0,0,0,0,0,0,"N",0,0,0,0,0,0,0,0,0,0,0,0,0,0,0,0
"700",39000,3,"81",54,0,2017,2,"",236,1427,1481,1535,16466448,66998,2351,855,"",3.64,1.19,1.21,1.26,1.43,0.13,0.22,1.17,"",-4,-1.7,22,1.6,3,0.2,15,1,523669,3.3,16727,33.3,1142,94.5,19,2.3
"701",39000,3,"811",55,0,2017,2,"",90,758,759,768,10471282,0,0,1058,"",5,1.5,1.5,1.51,2.03,0,0,1.35,"",0,0,13,1.7,11,1.5,19,2.5,438830,4.4,0,0,0,0,25,2.4
"702",39000,3,"8111",56,0,2017,2,"N",89,0,0,0,0,0,0,0,"N",5.43,0,0,0,0,0,0,0,"N",0,0,0,0,0,0,0,0,0,0,0,0,0,0,0,0
"703",39000,3,"81111",57,0,2017,2,"N",89,0,0,0,0,0,0,0,"N",5.48,0,0,0,0,0,0,0,"N",0,0,0,0,0,0,0,0,0,0,0,0,0,0,0,0
"704",39000,3,"811111",58,0,2017,2,"N",89,0,0,0,0,0,0,0,"N",5.53,0,0,0,0,0,0,0,"N",0,0,0,0,0,0,0,0,0,0,0,0,0,0,0,0
"705",39000,3,"8113",56,0,2017,2,"N",1,0,0,0,0,0,0,0,"N",0.85,0,0,0,0,0,0,0,"N",0,0,0,0,0,0,0,0,0,0,0,0,0,0,0,0
"706",39000,3,"81131",57,0,2017,2,"N",1,0,0,0,0,0,0,0,"N",0.85,0,0,0,0,0,0,0,"N",0,0,0,0,0,0,0,0,0,0,0,0,0,0,0,0
"707",39000,3,"811310",58,0,2017,2,"N",1,0,0,0,0,0,0,0,"N",0.85,0,0,0,0,0,0,0,"N",0,0,0,0,0,0,0,0,0,0,0,0,0,0,0,0
"708",39000,3,"812",55,0,2017,2,"",134,544,591,635,4610996,13149,138,601,"",4.07,2.12,2.21,2.33,2.21,0.13,0.06,1,"",-4,-2.9,25,4.8,1,0.2,4,0.6,111620,2.5,-1797,-12,70,102.9,4,0.7
"709",39000,3,"8121",56,0,2017,2,"N",1,0,0,0,0,0,0,0,"N",16.57,0,0,0,0,0,0,0,"N",0,0,0,0,0,0,0,0,0,0,0,0,0,0,0,0
"710",39000,3,"81211",57,0,2017,2,"N",1,0,0,0,0,0,0,0,"N",33.13,0,0,0,0,0,0,0,"N",0,0,0,0,0,0,0,0,0,0,0,0,0,0,0,0
"711",39000,3,"812112",58,0,2017,2,"N",1,0,0,0,0,0,0,0,"N",33.13,0,0,0,0,0,0,0,"N",0,0,0,0,0,0,0,0,0,0,0,0,0,0,0,0
"712",39000,3,"8122",56,0,2017,2,"",92,326,373,414,2497170,13149,138,518,"",3.94,3.49,3.63,3.84,4.06,0.24,0.09,1.11,"",-2,-2.1,18,5.8,-5,-1.3,1,0.2,7330,0.3,-1797,-12,70,102.9,-5,-1
"713",39000,3,"81222",57,0,2017,2,"",92,326,373,414,2497170,13149,138,518,"N",3.95,0,0,0,0,0,0,0,"",-2,-2.1,18,5.8,-5,-1.3,1,0.2,7330,0.3,-1797,-12,70,102.9,-5,-1
"714",39000,3,"812220",58,0,2017,2,"",92,326,373,414,2497170,13149,138,518,"N",3.95,0,0,0,0,0,0,0,"",-2,-2.1,18,5.8,-5,-1.3,1,0.2,7330,0.3,-1797,-12,70,102.9,-5,-1
"715",39000,3,"8129",56,0,2017,2,"N",41,0,0,0,0,0,0,0,"N",4.37,0,0,0,0,0,0,0,"N",-2,-4.7,0,0,0,0,0,0,0,0,0,0,0,0,0,0
"716",39000,3,"81291",57,0,2017,2,"",29,118,119,119,1086344,0,0,704,"N",4.43,0,0,0,0,0,0,0,"",-2,-6.5,6,5.4,6,5.3,2,1.7,30273,2.9,0,0,0,0,-9,-1.3
"717",39000,3,"812910",58,0,2017,2,"",29,118,119,119,1086344,0,0,704,"N",4.43,0,0,0,0,0,0,0,"",-2,-6.5,6,5.4,6,5.3,2,1.7,30273,2.9,0,0,0,0,-9,-1.3
"718",39000,3,"81293",57,0,2017,2,"N",12,0,0,0,0,0,0,0,"N",4.37,0,0,0,0,0,0,0,"N",0,0,0,0,0,0,0,0,0,0,0,0,0,0,0,0
"719",39000,3,"812930",58,0,2017,2,"N",12,0,0,0,0,0,0,0,"N",4.37,0,0,0,0,0,0,0,"N",0,0,0,0,0,0,0,0,0,0,0,0,0,0,0,0
"720",39000,3,"813",55,0,2017,2,"",12,125,131,132,1384170,53849,2213,823,"",0.86,0.28,0.29,0.3,0.32,0.15,0.27,1.1,"",0,0,-16,-11.3,-9,-6.4,-8,-5.7,-26781,-1.9,18524,52.4,1072,94,50,6.5
"721",39000,3,"8132",56,0,2017,2,"N",1,0,0,0,0,0,0,0,"N",0.95,0,0,0,0,0,0,0,"N",-1,-50,0,0,0,0,0,0,0,0,0,0,0,0,0,0
"722",39000,3,"81321",57,0,2017,2,"N",1,0,0,0,0,0,0,0,"N",0.95,0,0,0,0,0,0,0,"N",-1,-50,0,0,0,0,0,0,0,0,0,0,0,0,0,0
"723",39000,3,"813211",58,0,2017,2,"N",1,0,0,0,0,0,0,0,"N",1.84,0,0,0,0,0,0,0,"N",0,0,0,0,0,0,0,0,0,0,0,0,0,0,0,0
"724",39000,3,"813212",58,0,2017,2,"-",0,0,0,0,0,0,0,0,"N",0,0,0,0,0,0,0,0,"N",-1,-100,0,0,0,0,0,0,0,0,0,0,0,0,0,0
"725",39000,3,"8133",56,0,2017,2,"",9,51,58,56,377071,15859,1871,527,"",1.56,0.22,0.25,0.26,0.17,0.11,0.39,0.69,"",1,12.5,-10,-16.4,-1,-1.7,-3,-5.1,25289,7.2,6098,62.5,807,75.8,73,16.1
"726",39000,3,"81331",57,0,2017,2,"",9,51,58,56,377071,15859,1871,527,"",1.56,0.22,0.25,0.26,0.17,0.11,0.39,0.69,"",1,12.5,-10,-16.4,-1,-1.7,-3,-5.1,25289,7.2,6098,62.5,807,75.8,73,16.1
"727",39000,3,"813311",58,0,2017,2,"N",2,0,0,0,0,0,0,0,"N",1.95,0,0,0,0,0,0,0,"N",0,0,0,0,0,0,0,0,0,0,0,0,0,0,0,0
"728",39000,3,"813312",58,0,2017,2,"N",2,0,0,0,0,0,0,0,"N",1.05,0,0,0,0,0,0,0,"N",1,100,0,0,0,0,0,0,0,0,0,0,0,0,0,0
"729",39000,3,"813319",58,0,2017,2,"",5,27,34,31,275185,0,0,690,"",1.76,0.21,0.26,0.27,0.24,0,0,0.95,"",0,0,-12,-30.8,-3,-8.1,-6,-16.2,6986,2.6,0,0,0,0,142,25.9
"730",39000,3,"8139",56,0,2017,2,"N",2,0,0,0,0,0,0,0,"N",0.38,0,0,0,0,0,0,0,"N",0,0,0,0,0,0,0,0,0,0,0,0,0,0,0,0
"731",39000,3,"81391",57,0,2017,2,"N",2,0,0,0,0,0,0,0,"N",0.56,0,0,0,0,0,0,0,"N",0,0,0,0,0,0,0,0,0,0,0,0,0,0,0,0
"732",39000,3,"813910",58,0,2017,2,"N",2,0,0,0,0,0,0,0,"N",0.56,0,0,0,0,0,0,0,"N",0,0,0,0,0,0,0,0,0,0,0,0,0,0,0,0
"733",39000,3,"92",54,0,2017,2,"",5200,125169,126832,128135,1526232774,3915289,86931,927,"",2.82,0.85,0.84,0.83,0.84,0.08,0.15,1,"",-4,-0.1,248,0.2,808,0.6,475,0.4,35224598,2.4,-178315,-4.4,24328,38.9,18,2
"734",39000,3,"921",55,0,2017,2,"",2887,39595,40713,41197,370269037,2597157,59967,703,"",2.63,0.4,0.41,0.4,0.34,0.06,0.14,0.84,"",3,0.1,-258,-0.6,454,1.1,-344,-0.8,3218652,0.9,-59219,-2.2,17050,39.7,7,1
"735",39000,3,"9211",56,0,2017,2,"",2887,39595,40713,41197,370269037,2597157,59967,703,"",2.63,0.4,0.41,0.4,0.34,0.06,0.14,0.84,"",3,0.1,-258,-0.6,454,1.1,-344,-0.8,3218652,0.9,-59219,-2.2,17050,39.7,7,1
"736",39000,3,"92111",57,0,2017,2,"",198,1198,1207,1225,19199122,7824,244,1221,"",1.47,0.18,0.17,0.17,0.25,0,0.01,1.44,"",1,0.5,-72,-5.7,-72,-5.6,-110,-8.2,-485973,-2.5,4000,104.6,141,136.9,51,4.4
"737",39000,3,"921110",58,0,2017,2,"",198,1198,1207,1225,19199122,7824,244,1221,"",1.47,0.18,0.17,0.17,0.25,0,0.01,1.44,"",1,0.5,-72,-5.7,-72,-5.6,-110,-8.2,-485973,-2.5,4000,104.6,141,136.9,51,4.4
"738",39000,3,"92112",57,0,2017,2,"",168,995,1022,1002,9997292,0,0,764,"",1.92,0.1,0.1,0.09,0.08,0,0,0.84,"",-1,-0.6,16,1.6,26,2.6,4,0.4,558680,5.9,0,0,0,0,31,4.2
"739",39000,3,"921120",58,0,2017,2,"",168,995,1022,1002,9997292,0,0,764,"",1.92,0.1,0.1,0.09,0.08,0,0,0.84,"",-1,-0.6,16,1.6,26,2.6,4,0.4,558680,5.9,0,0,0,0,31,4.2
"740",39000,3,"92113",57,0,2017,2,"",324,3670,3658,3633,45157948,0,0,951,"",4.29,1.42,1.4,1.38,1.36,0,0,0.98,"",-1,-0.3,60,1.7,35,1,-35,-1,-148744,-0.3,0,0,0,0,-8,-0.8
"741",39000,3,"921130",58,0,2017,2,"",324,3670,3658,3633,45157948,0,0,951,"",4.29,1.42,1.4,1.38,1.36,0,0,0.98,"",-1,-0.3,60,1.7,35,1,-35,-1,-148744,-0.3,0,0,0,0,-8,-0.8
"742",39000,3,"92114",57,0,2017,2,"",1876,25429,26233,27031,206738256,2581207,59632,606,"",2.92,0.4,0.4,0.4,0.29,0.11,0.37,0.73,"",0,0,-70,-0.3,42,0.2,-189,-0.7,3417165,1.7,-62182,-2.4,16887,39.5,11,1.8
"743",39000,3,"921140",58,0,2017,2,"",1876,25429,26233,27031,206738256,2581207,59632,606,"",2.92,0.4,0.4,0.4,0.29,0.11,0.37,0.73,"",0,0,-70,-0.3,42,0.2,-189,-0.7,3417165,1.7,-62182,-2.4,16887,39.5,11,1.8
"744",39000,3,"92119",57,0,2017,2,"",321,8303,8593,8306,89176419,8126,91,817,"",2.48,0.78,0.79,0.73,0.77,0,0,1.01,"",4,1.3,-192,-2.3,423,5.2,-14,-0.2,-122476,-0.1,-1037,-11.3,22,31.9,-8,-1
"745",39000,3,"921190",58,0,2017,2,"",321,8303,8593,8306,89176419,8126,91,817,"",2.48,0.78,0.79,0.73,0.77,0,0,1.01,"",4,1.3,-192,-2.3,423,5.2,-14,-0.2,-122476,-0.1,-1037,-11.3,22,31.9,-8,-1
"746",39000,3,"922",55,0,2017,2,"",1270,65340,65129,64960,919597418,550288,9219,1086,"",3.27,1.9,1.89,1.88,1.73,0.1,0.18,0.92,"",0,0,724,1.1,533,0.8,704,1.1,31603766,3.6,-37268,-6.3,3445,59.7,27,2.5
"747",39000,3,"9221",56,0,2017,2,"",1270,65340,65129,64960,919597418,550288,9219,1086,"",3.27,1.9,1.89,1.88,1.73,0.1,0.18,0.92,"",0,0,724,1.1,533,0.8,704,1.1,31603766,3.6,-37268,-6.3,3445,59.7,27,2.5
"748",39000,3,"92211",57,0,2017,2,"",241,13196,13203,13311,135824977,0,0,789,"",4.3,4.82,4.79,4.82,4.36,0,0,0.91,"",0,0,45,0.3,15,0.1,58,0.4,4626380,3.5,0,0,0,0,24,3.1
"749",39000,3,"922110",58,0,2017,2,"",241,13196,13203,13311,135824977,0,0,789,"",4.3,4.82,4.79,4.82,4.36,0,0,0.91,"",0,0,45,0.3,15,0.1,58,0.4,4626380,3.5,0,0,0,0,24,3.1
"750",39000,3,"92212",57,0,2017,2,"",341,28282,28095,27776,445529465,37480,487,1222,"",3.41,1.83,1.81,1.79,1.91,0.02,0.03,1.06,"",0,0,439,1.6,345,1.2,424,1.6,15937289,3.7,-2881,-7.1,43,9.7,27,2.3
"751",39000,3,"922120",58,0,2017,2,"",341,28282,28095,27776,445529465,37480,487,1222,"",3.41,1.83,1.81,1.79,1.91,0.02,0.03,1.06,"",0,0,439,1.6,345,1.2,424,1.6,15937289,3.7,-2881,-7.1,43,9.7,27,2.3
"752",39000,3,"92213",57,0,2017,2,"",257,4187,4179,4213,55651220,0,0,1021,"",8.67,3.58,3.56,3.56,3.15,0,0,0.88,"",-2,-0.8,21,0.5,19,0.5,6,0.1,1671920,3.1,0,0,0,0,27,2.7
"753",39000,3,"922130",58,0,2017,2,"",257,4187,4179,4213,55651220,0,0,1021,"",8.67,3.58,3.56,3.56,3.15,0,0,0.88,"",-2,-0.8,21,0.5,19,0.5,6,0.1,1671920,3.1,0,0,0,0,27,2.7
"754",39000,3,"92214",57,0,2017,2,"",69,4804,4799,4863,51420316,0,0,820,"",4.08,2.13,2.12,2.14,1.91,0,0,0.9,"",0,0,78,1.7,22,0.5,38,0.8,166384,0.3,-86310,-100,-604,-100,-6,-0.7
"755",39000,3,"922140",58,0,2017,2,"",69,4804,4799,4863,51420316,0,0,820,"",4.08,2.13,2.12,2.14,1.91,0,0,0.9,"",0,0,78,1.7,22,0.5,38,0.8,166384,0.3,-86310,-100,-604,-100,-6,-0.7
"756",39000,3,"92215",57,0,2017,2,"",15,502,498,502,5305876,0,0,815,"",2.05,0.76,0.75,0.76,0.64,0,0,0.85,"",0,0,1,0.2,-3,-0.6,-5,-1,188892,3.7,0,0,0,0,32,4.1
"757",39000,3,"922150",58,0,2017,2,"",15,502,498,502,5305876,0,0,815,"",2.05,0.76,0.75,0.76,0.64,0,0,0.85,"",0,0,1,0.2,-3,-0.6,-5,-1,188892,3.7,0,0,0,0,32,4.1
"758",39000,3,"92216",57,0,2017,2,"",276,13741,13712,13658,217713967,512808,8732,1222,"",1.75,1.83,1.82,1.8,1.84,0.21,0.35,1.01,"",2,0.7,119,0.9,112,0.8,155,1.1,8884129,4.3,51923,11.3,4006,84.8,39,3.3
"759",39000,3,"922160",58,0,2017,2,"",276,13741,13712,13658,217713967,512808,8732,1222,"",1.75,1.83,1.82,1.8,1.84,0.21,0.35,1.01,"",2,0.7,119,0.9,112,0.8,155,1.1,8884129,4.3,51923,11.3,4006,84.8,39,3.3
"760",39000,3,"92219",57,0,2017,2,"",71,628,643,637,8151597,0,0,986,"",3.29,0.14,0.14,0.14,0.08,0,0,0.61,"",0,0,21,3.5,23,3.7,28,4.6,128772,1.6,0,0,0,0,-22,-2.2
"761",39000,3,"922190",58,0,2017,2,"",71,628,643,637,8151597,0,0,986,"",3.29,0.14,0.14,0.14,0.08,0,0,0.61,"",0,0,21,3.5,23,3.7,28,4.6,128772,1.6,0,0,0,0,-22,-2.2
"762",39000,3,"923",55,0,2017,2,"",279,6109,6139,6134,70092816,50855,892,880,"",4.72,0.79,0.79,0.79,0.74,0.03,0.05,0.94,"",-4,-1.4,-254,-4,-253,-4,-230,-3.6,-1906677,-2.6,11577,29.5,283,46.5,11,1.3
"763",39000,3,"9231",56,0,2017,2,"",279,6109,6139,6134,70092816,50855,892,880,"",4.72,0.79,0.79,0.79,0.74,0.03,0.05,0.94,"",-4,-1.4,-254,-4,-253,-4,-230,-3.6,-1906677,-2.6,11577,29.5,283,46.5,11,1.3
"764",39000,3,"92311",57,0,2017,2,"",3,99,101,100,1426008,12668,203,1097,"",0.43,0.1,0.1,0.1,0.17,0.03,0.05,1.62,"",-1,-25,-355,-78.2,-344,-77.3,-340,-77.3,-4551323,-76.1,9434,291.7,171,534.4,67,6.5
"765",39000,3,"923110",58,0,2017,2,"",3,99,101,100,1426008,12668,203,1097,"",0.43,0.1,0.1,0.1,0.17,0.03,0.05,1.62,"",-1,-25,-355,-78.2,-344,-77.3,-340,-77.3,-4551323,-76.1,9434,291.7,171,534.4,67,6.5
"766",39000,3,"92312",57,0,2017,2,"",183,4005,4022,4048,46345434,34215,582,886,"",5.46,1.55,1.55,1.56,1.52,0.04,0.06,0.98,"",-4,-2.1,-27,-0.7,-29,-0.7,4,0.1,1297599,2.9,-1829,-5.1,5,0.9,29,3.4
"767",39000,3,"923120",58,0,2017,2,"",183,4005,4022,4048,46345434,34215,582,886,"",5.46,1.55,1.55,1.56,1.52,0.04,0.06,0.98,"",-4,-2.1,-27,-0.7,-29,-0.7,4,0.1,1297599,2.9,-1829,-5.1,5,0.9,29,3.4
"768",39000,3,"92313",57,0,2017,2,"",18,1260,1259,1239,17319768,3972,107,1064,"",1.54,0.31,0.31,0.3,0.32,0.01,0.02,1.04,"",1,5.9,106,9.2,98,8.4,96,8.4,1171602,7.3,3972,100,107,100,-14,-1.3
"769",39000,3,"923130",58,0,2017,2,"",18,1260,1259,1239,17319768,3972,107,1064,"",1.54,0.31,0.31,0.3,0.32,0.01,0.02,1.04,"",1,5.9,106,9.2,98,8.4,96,8.4,1171602,7.3,3972,100,107,100,-14,-1.3
"770",39000,3,"92314",57,0,2017,2,"",75,745,757,747,5001606,0,0,513,"",11,11.43,11.44,11.17,8.72,0,0,0.77,"",0,0,22,3,22,3,10,1.4,175445,3.6,0,0,0,0,6,1.2
"771",39000,3,"923140",58,0,2017,2,"",75,745,757,747,5001606,0,0,513,"",11,11.43,11.44,11.17,8.72,0,0,0.77,"",0,0,22,3,22,3,10,1.4,175445,3.6,0,0,0,0,6,1.2
"772",39000,3,"924",55,0,2017,2,"",233,7422,8102,9042,85983461,405695,6512,808,"",2.01,2.48,2.58,2.67,2.6,0.35,0.3,1.01,"",-2,-0.9,11,0.1,53,0.7,281,3.2,2925207,3.5,-42575,-9.5,1858,39.9,17,2.1
"773",39000,3,"9241",56,0,2017,2,"",233,7422,8102,9042,85983461,405695,6512,808,"",2.01,2.48,2.58,2.67,2.6,0.35,0.3,1.01,"",-2,-0.9,11,0.1,53,0.7,281,3.2,2925207,3.5,-42575,-9.5,1858,39.9,17,2.1
"774",39000,3,"92411",57,0,2017,2,"",135,4398,4529,4623,56384692,80843,848,960,"",3.14,2.47,2.52,2.54,2.35,0.21,0.16,0.94,"",-1,-0.7,26,0.6,15,0.3,3,0.1,-253810,-0.4,36734,83.3,646,319.8,-8,-0.8
"775",39000,3,"924110",58,0,2017,2,"",135,4398,4529,4623,56384692,80843,848,960,"",3.14,2.47,2.52,2.54,2.35,0.21,0.16,0.94,"",-1,-0.7,26,0.6,15,0.3,3,0.1,-253810,-0.4,36734,83.3,646,319.8,-8,-0.8
"776",39000,3,"92412",57,0,2017,2,"",98,3024,3573,4419,29598769,324852,5664,620,"",1.34,2.5,2.65,2.82,3.26,0.42,0.35,1.22,"",-1,-1,-15,-0.5,38,1.1,278,6.7,3179017,12,-79309,-19.6,1212,27.2,51,9
"777",39000,3,"924120",58,0,2017,2,"",98,3024,3573,4419,29598769,324852,5664,620,"",1.34,2.5,2.65,2.82,3.26,0.42,0.35,1.22,"",-1,-1,-15,-0.5,38,1.1,278,6.7,3179017,12,-79309,-19.6,1212,27.2,51,9
"778",39000,3,"925",55,0,2017,2,"",323,5088,5110,5147,59826834,291500,10093,900,"",3.1,1.87,1.86,1.9,1.96,0.1,0.25,1.04,"",2,0.6,39,0.8,7,0.1,50,1,-1017204,-1.7,-32058,-9.9,2285,29.3,-21,-2.3
"779",39000,3,"9251",56,0,2017,2,"",323,5088,5110,5147,59826834,291500,10093,900,"",3.1,1.87,1.86,1.9,1.96,0.1,0.25,1.04,"",2,0.6,39,0.8,7,0.1,50,1,-1017204,-1.7,-32058,-9.9,2285,29.3,-21,-2.3
"780",39000,3,"92511",57,0,2017,2,"",155,3574,3581,3606,39443183,205867,8375,846,"",2.35,2.21,2.2,2.19,2.18,0.09,0.26,0.99,"",0,0,-6,-0.2,-25,-0.7,18,0.5,-999969,-2.5,-31984,-13.4,1799,27.4,-20,-2.3
"781",39000,3,"925110",58,0,2017,2,"",155,3574,3581,3606,39443183,205867,8375,846,"",2.35,2.21,2.2,2.19,2.18,0.09,0.26,0.99,"",0,0,-6,-0.2,-25,-0.7,18,0.5,-999969,-2.5,-31984,-13.4,1799,27.4,-20,-2.3
"782",39000,3,"92512",57,0,2017,2,"",168,1514,1529,1541,20383651,85633,1718,1026,"",4.38,1.37,1.36,1.46,1.63,0.15,0.23,1.17,"",2,1.2,45,3.1,32,2.1,32,2.1,-17235,-0.1,-74,-0.1,486,39.4,-26,-2.5
"783",39000,3,"925120",58,0,2017,2,"",168,1514,1529,1541,20383651,85633,1718,1026,"",4.38,1.37,1.36,1.46,1.63,0.15,0.23,1.17,"",2,1.2,45,3.1,32,2.1,32,2.1,-17235,-0.1,-74,-0.1,486,39.4,-26,-2.5
"784",39000,3,"926",55,0,2017,2,"",208,1615,1639,1655,20463208,19794,248,962,"",2.55,0.72,0.72,0.72,0.65,0.02,0.02,0.9,"",-3,-1.4,-14,-0.9,14,0.9,14,0.9,400854,2,-18772,-48.7,-593,-70.5,16,1.7
"785",39000,3,"9261",56,0,2017,2,"",208,1615,1639,1655,20463208,19794,248,962,"",2.55,0.72,0.72,0.72,0.65,0.02,0.02,0.9,"",-3,-1.4,-14,-0.9,14,0.9,14,0.9,400854,2,-18772,-48.7,-593,-70.5,16,1.7
"786",39000,3,"92611",57,0,2017,2,"",16,66,67,67,993869,9659,146,1147,"",0.93,0.15,0.15,0.15,0.17,0.04,0.04,1.15,"",0,0,2,3.1,1,1.5,0,0,51100,5.4,-8248,-46.1,-576,-79.8,43,3.9
"787",39000,3,"926110",58,0,2017,2,"",16,66,67,67,993869,9659,146,1147,"",0.93,0.15,0.15,0.15,0.17,0.04,0.04,1.15,"",0,0,2,3.1,1,1.5,0,0,51100,5.4,-8248,-46.1,-576,-79.8,43,3.9
"788",39000,3,"92612",57,0,2017,2,"",17,140,145,147,1870912,7291,65,999,"",1.64,0.17,0.17,0.17,0.14,0.03,0.01,0.8,"",0,0,-2,-1.4,3,2.1,5,3.5,-85125,-4.4,-10405,-58.8,-21,-24.4,-61,-5.8
"789",39000,3,"926120",58,0,2017,2,"",17,140,145,147,1870912,7291,65,999,"",1.64,0.17,0.17,0.17,0.14,0.03,0.01,0.8,"",0,0,-2,-1.4,3,2.1,5,3.5,-85125,-4.4,-10405,-58.8,-21,-24.4,-61,-5.8
"790",39000,3,"92613",57,0,2017,2,"",24,189,190,189,2483755,0,0,1009,"",2.06,0.47,0.45,0.44,0.42,0,0,0.92,"",0,0,-4,-2.1,-1,-0.5,-2,-1,36922,1.5,0,0,0,0,27,2.7
"791",39000,3,"926130",58,0,2017,2,"",24,189,190,189,2483755,0,0,1009,"",2.06,0.47,0.45,0.44,0.42,0,0,0.92,"",0,0,-4,-2.1,-1,-0.5,-2,-1,36922,1.5,0,0,0,0,27,2.7
"792",39000,3,"92615",57,0,2017,2,"",151,1220,1237,1252,15114672,2844,37,940,"",5.87,2.8,2.81,2.79,2.92,0.04,0.04,1.04,"",-3,-1.9,-10,-0.8,11,0.9,11,0.9,397957,2.7,-119,-4,4,12.1,21,2.3
"793",39000,3,"926150",58,0,2017,2,"",151,1220,1237,1252,15114672,2844,37,940,"",5.87,2.8,2.81,2.79,2.92,0.04,0.04,1.04,"",-3,-1.9,-10,-0.8,11,0.9,11,0.9,397957,2.7,-119,-4,4,12.1,21,2.3
"794",39000,3,"99",54,0,2017,2,"-",0,0,0,0,0,0,0,0,"N",0,0,0,0,0,0,0,0,"N",0,0,0,0,0,0,0,0,0,0,0,0,0,0,0,0
"795",39000,3,"999",55,0,2017,2,"-",0,0,0,0,0,0,0,0,"N",0,0,0,0,0,0,0,0,"N",0,0,0,0,0,0,0,0,0,0,0,0,0,0,0,0
"796",39000,3,"9999",56,0,2017,2,"-",0,0,0,0,0,0,0,0,"N",0,0,0,0,0,0,0,0,"N",0,0,0,0,0,0,0,0,0,0,0,0,0,0,0,0
"797",39000,3,"99999",57,0,2017,2,"-",0,0,0,0,0,0,0,0,"N",0,0,0,0,0,0,0,0,"N",0,0,0,0,0,0,0,0,0,0,0,0,0,0,0,0
"798",39000,3,"999999",58,0,2017,2,"-",0,0,0,0,0,0,0,0,"N",0,0,0,0,0,0,0,0,"N",0,0,0,0,0,0,0,0,0,0,0,0,0,0,0,0
"799",39000,5,"10",51,0,2017,2,"",281598,4619413,4674405,4711831,54460314310,7859310048,227126417,897,"",0.98,1.02,1.02,1.02,1.01,1.02,1.01,0.99,"",3071,1.1,32076,0.7,38698,0.8,58245,1.3,2034174124,3.9,-203911198,-2.5,34295107,17.8,25,2.9
"800",39000,5,"101",52,0,2017,2,"",40926,921700,937368,952133,13479021467,1446919701,70954666,1106,"",1.07,1.18,1.18,1.18,1.24,0.92,1.13,1.05,"",100,0.2,7478,0.8,12706,1.4,17791,1.9,528402634,4.1,-11188655,-0.8,9576331,15.6,28,2.6
"801",39000,5,"1011",53,0,2017,2,"",2484,27358,28620,29464,328767281,63071633,2979354,888,"",0.6,0.4,0.4,0.39,0.38,0.38,0.4,0.97,"",-25,-1,-264,-1,15,0.1,478,1.6,12764648,4,2229968,3.7,568053,23.6,32,3.7
"802",39000,5,"1012",53,0,2017,2,"",23002,213291,226066,233146,3292535972,601861407,43385622,1130,"",0.97,0.84,0.87,0.88,0.97,0.99,1.33,1.13,"",183,0.8,9878,4.9,14681,6.9,15431,7.1,415545298,14.4,65310001,12.2,8190446,23.3,80,7.6
"803",39000,5,"1013",53,0,2017,2,"",15440,681051,682682,689523,9857718214,781986661,24589690,1108,"",1.48,1.48,1.48,1.48,1.48,0.97,1.07,1,"",-58,-0.4,-2136,-0.3,-1990,-0.3,1882,0.3,100092688,1,-78728624,-9.1,817832,3.4,13,1.2
"804",39000,5,"102",52,0,2017,2,"",240672,3697713,3737037,3759698,40981292843,6412390347,156171751,845,"",0.97,0.99,0.99,0.99,0.96,1.05,0.96,0.97,"",2971,1.2,24598,0.7,25992,0.7,40454,1.1,1505771490,3.8,-192722543,-2.9,24718776,18.8,25,3
"805",39000,5,"1021",53,0,2017,2,"",68811,1006963,1014549,1017294,10501527406,1850483944,41535894,797,"",1.19,1,1,1,1.04,1.03,0.97,1.03,"",647,0.9,4054,0.4,3163,0.3,5304,0.5,355162012,3.5,-78377993,-4.1,7858850,23.3,23,3
"806",39000,5,"1022",53,0,2017,2,"",4450,71594,71914,71963,1184844209,76124345,2111041,1269,"",0.91,0.69,0.69,0.69,0.52,0.46,0.43,0.76,"",164,3.8,183,0.3,187,0.3,-129,-0.2,15940572,1.4,-1852322,-2.4,268537,14.6,16,1.3
"807",39000,5,"1023",53,0,2017,2,"",28493,286762,288433,290928,4568121997,325031665,8410238,1217,"",1.09,0.96,0.96,0.96,0.85,0.71,0.75,0.89,"",389,1.4,5693,2,6815,2.4,7859,2.8,186904010,4.3,-30698738,-8.6,770894,10.1,22,1.8
"808",39000,5,"1024",53,0,2017,2,"",52568,721774,725848,731807,10792520614,1479714930,47276215,1143,"",0.98,0.96,0.96,0.96,0.93,1.05,1.01,0.97,"",970,1.9,-1526,-0.2,1365,0.2,4555,0.6,312052517,3,-45561062,-3,4143393,9.6,31,2.8
"809",39000,5,"1025",53,0,2017,2,"",34039,898688,900800,895397,10023319627,1030974444,22787731,858,"",0.69,1.09,1.09,1.09,1.12,1.12,1.02,1.03,"",519,1.5,8861,1,8792,1,12878,1.5,394048694,4.1,-31370438,-3,3924051,20.8,24,2.9
"810",39000,5,"1026",53,0,2017,2,"",28279,556587,578108,592545,2649433236,1379805323,28130797,354,"",1.12,0.94,0.96,0.96,0.88,1.29,1.04,0.92,"",625,2.3,9085,1.7,6804,1.2,9637,1.7,170348582,6.9,8403182,0.6,6930994,32.7,18,5.4
"811",39000,5,"1027",53,0,2017,2,"",23586,154819,156785,159175,1254425139,267570815,5842631,615,"",0.93,0.94,0.94,0.94,0.92,0.99,0.85,0.98,"",100,0.4,-1373,-0.9,-738,-0.5,782,0.5,74734721,6.3,-12625673,-4.5,847251,17,38,6.6
"812",39000,5,"1029",53,0,2017,2,"",446,526,600,589,7100615,2684881,77204,955,"",0.07,0.07,0.08,0.07,0.08,0.15,0.11,1.08,"",-443,-49.8,-379,-41.9,-396,-39.8,-432,-42.3,-3419618,-32.5,-639499,-19.2,-25194,-24.6,124,14.9
"813",39000,5,"11",54,0,2017,2,"",1578,16473,17629,18317,137709833,43866313,1671562,606,"",0.5,0.36,0.36,0.36,0.38,0.36,0.33,1.06,"",12,0.8,-133,-0.8,7,0,317,1.8,7196812,5.5,-1350291,-3,106591,6.8,29,5
"814",39000,5,"111",55,0,2017,2,"",694,8321,9311,9669,67993362,27163356,1253466,575,"",0.49,0.4,0.43,0.42,0.44,0.5,0.53,1.05,"",11,1.6,8,0.1,126,1.4,305,3.3,5731884,9.2,-403617,-1.5,9117,0.7,40,7.5
"815",39000,5,"1111",56,0,2017,2,"",242,1162,1226,1278,10549442,2579443,62824,664,"",0.64,0.6,0.6,0.6,0.62,0.47,0.42,1.04,"",9,3.9,44,3.9,54,4.6,52,4.2,602809,6.1,157150,6.5,15506,32.8,11,1.7
"816",39000,5,"11111",57,0,2017,2,"",43,267,278,292,2689338,511532,15723,741,"",1.39,1.56,1.54,1.58,2.01,1.07,1.07,1.29,"",2,4.9,2,0.8,-6,-2.1,2,0.7,49208,1.9,-105554,-17.1,-75,-0.5,15,2.1
"817",39000,5,"111110",58,0,2017,2,"",43,267,278,292,2689338,511532,15723,741,"",1.39,1.56,1.54,1.58,2.01,1.07,1.07,1.29,"",2,4.9,2,0.8,-6,-2.1,2,0.7,49208,1.9,-105554,-17.1,-75,-0.5,15,2.1
"818",39000,5,"11113",57,0,2017,2,"N",2,0,0,0,0,0,0,0,"N",0.74,0,0,0,0,0,0,0,"N",0,0,0,0,0,0,0,0,0,0,0,0,0,0,0,0
"819",39000,5,"111130",58,0,2017,2,"N",2,0,0,0,0,0,0,0,"N",0.74,0,0,0,0,0,0,0,"N",0,0,0,0,0,0,0,0,0,0,0,0,0,0,0,0
"820",39000,5,"11114",57,0,2017,2,"N",7,0,0,0,0,0,0,0,"N",0.11,0,0,0,0,0,0,0,"N",-4,-36.4,0,0,0,0,0,0,0,0,0,0,0,0,0,0
"821",39000,5,"111140",58,0,2017,2,"N",7,0,0,0,0,0,0,0,"N",0.11,0,0,0,0,0,0,0,"N",-4,-36.4,0,0,0,0,0,0,0,0,0,0,0,0,0,0
"822",39000,5,"11115",57,0,2017,2,"",89,447,491,514,3991444,1031144,18736,634,"",0.91,0.7,0.74,0.75,0.68,0.61,0.45,0.93,"",-6,-6.3,-27,-5.7,-6,-1.2,-2,-0.4,-209324,-5,18735,1.9,2312,14.1,-18,-2.8
"823",39000,5,"111150",58,0,2017,2,"",89,447,491,514,3991444,1031144,18736,634,"",0.91,0.7,0.74,0.75,0.68,0.61,0.45,0.93,"",-6,-6.3,-27,-5.7,-6,-1.2,-2,-0.4,-209324,-5,18735,1.9,2312,14.1,-18,-2.8
"824",39000,5,"11119",57,0,2017,2,"",101,420,432,445,3673196,979299,26839,654,"",0.65,0.54,0.53,0.54,0.57,0.46,0.48,1.05,"",17,20.2,82,24.3,81,23.1,66,17.4,817165,28.6,275485,39.1,13288,98.1,37,6
"825",39000,5,"111191",58,0,2017,2,"",66,299,315,331,2722636,723788,21506,665,"",0.54,0.49,0.49,0.5,0.53,0.43,0.47,1.08,"",7,11.9,44,17.3,49,18.4,28,9.2,421263,18.3,156263,27.5,9525,79.5,20,3.1
"826",39000,5,"111199",58,0,2017,2,"",35,121,117,114,950560,255511,5333,623,"",1.07,0.77,0.7,0.67,0.69,0.59,0.49,0.98,"",10,40,38,45.8,32,37.6,38,50,395902,71.4,119222,87.5,3763,239.7,98,18.7
"827",39000,5,"1112",56,0,2017,2,"",72,503,933,1583,7129710,2315775,149443,545,"",0.5,0.15,0.25,0.41,0.26,0.26,0.35,0.95,"",1,1.4,-101,-16.7,-8,-0.9,134,9.2,2046286,40.3,140994,6.5,23005,18.2,153,39
"828",39000,5,"11121",57,0,2017,2,"",72,503,933,1583,7129710,2315775,149443,545,"",0.5,0.15,0.25,0.41,0.26,0.26,0.35,0.95,"",1,1.4,-101,-16.7,-8,-0.9,134,9.2,2046286,40.3,140994,6.5,23005,18.2,153,39
"829",39000,5,"111211",58,0,2017,2,"",7,23,25,25,169826,48266,997,537,"",0.22,0.04,0.04,0.04,0.03,0.02,0.01,0.92,"",0,0,2,9.5,2,8.7,2,8.7,60584,55.5,-26208,-35.2,-631,-38.8,161,42.8
"830",39000,5,"111219",58,0,2017,2,"",65,480,908,1558,6959884,2267509,148446,545,"",0.57,0.17,0.3,0.49,0.31,0.34,0.44,0.95,"",1,1.6,-103,-17.7,-10,-1.1,132,9.3,1985702,39.9,167202,8,23636,18.9,153,39
"831",39000,5,"1113",56,0,2017,2,"",40,398,483,691,2299517,1318936,27505,338,"",0.12,0.06,0.07,0.08,0.05,0.07,0.03,0.68,"",3,8.1,-4,-1,48,11,106,18.1,-29679,-1.3,82694,6.7,8783,46.9,-40,-10.6
"832",39000,5,"11133",57,0,2017,2,"",40,398,483,691,2299517,1318936,27505,338,"",0.13,0.06,0.07,0.08,0.05,0.07,0.03,0.68,"",3,8.1,-4,-1,48,11,106,18.1,-29679,-1.3,82694,6.7,8783,46.9,-40,-10.6
"833",39000,5,"111331",58,0,2017,2,"",23,271,309,434,1713205,897167,18886,390,"",0.44,0.23,0.26,0.29,0.23,0.2,0.19,0.87,"",2,9.5,-18,-6.2,7,2.3,29,7.2,-125500,-6.8,22290,2.5,6556,53.2,-36,-8.5
"834",39000,5,"111332",58,0,2017,2,"N",1,0,0,0,0,0,0,0,"N",0.02,0,0,0,0,0,0,0,"N",0,0,0,0,0,0,0,0,0,0,0,0,0,0,0,0
"835",39000,5,"111333",58,0,2017,2,"N",2,0,0,0,0,0,0,0,"N",0.14,0,0,0,0,0,0,0,"N",0,0,0,0,0,0,0,0,0,0,0,0,0,0,0,0
"836",39000,5,"111334",58,0,2017,2,"",6,45,90,153,221627,170806,4426,178,"",0.19,0.06,0.11,0.13,0.04,0.07,0.04,0.39,"",0,0,-9,-16.7,32,55.2,76,98.7,63446,40.1,50725,42.2,1616,57.5,-15,-7.8
"837",39000,5,"111339",58,0,2017,2,"",8,45,53,83,235678,157273,2597,300,"",0.11,0.04,0.04,0.05,0.03,0.05,0.02,0.72,"",1,14.3,15,50,12,29.3,32,62.7,47165,25,25817,19.6,-24,-0.9,-57,-16
"838",39000,5,"1114",56,0,2017,2,"",232,5843,6215,5638,44232242,19898390,977929,577,"",0.87,0.92,0.96,0.91,0.96,1.33,1.63,1.04,"",-3,-1.3,125,2.2,72,1.2,90,1.6,3109414,7.6,-535348,-2.6,-39224,-3.9,32,5.9
"839",39000,5,"11141",57,0,2017,2,"",14,350,354,307,3256280,1090647,58412,743,"",0.29,0.34,0.33,0.29,0.4,0.46,0.75,1.26,"",0,0,149,74.1,129,57.3,114,59.1,1704470,109.8,310834,39.9,9978,20.6,164,28.3
"840",39000,5,"111411",58,0,2017,2,"N",1,0,0,0,0,0,0,0,"N",0.15,0,0,0,0,0,0,0,"N",0,0,0,0,0,0,0,0,0,0,0,0,0,0,0,0
"841",39000,5,"111419",58,0,2017,2,"N",13,0,0,0,0,0,0,0,"N",0.31,0,0,0,0,0,0,0,"N",0,0,0,0,0,0,0,0,0,0,0,0,0,0,0,0
"842",39000,5,"11142",57,0,2017,2,"",218,5493,5861,5331,40975962,18807743,919517,567,"",1,1.04,1.08,1.04,1.08,1.5,1.76,1.03,"",-3,-1.4,-24,-0.4,-57,-1,-24,-0.4,1404944,3.6,-846182,-4.3,-49202,-5.1,23,4.2
"843",39000,5,"111421",58,0,2017,2,"",121,2973,3165,3080,24660958,11711293,702966,617,"",0.8,0.92,0.95,0.94,1.03,1.44,1.92,1.09,"",-3,-2.4,51,1.7,-7,-0.2,7,0.2,486121,2,-518249,-4.2,-55045,-7.3,8,1.3
"844",39000,5,"111422",58,0,2017,2,"",97,2520,2696,2251,16315004,7096450,216551,504,"",1.44,1.22,1.28,1.2,1.18,1.61,1.38,0.96,"",0,0,-75,-2.9,-50,-1.8,-31,-1.4,918823,6,-327933,-4.4,5843,2.8,38,8.2
"845",39000,5,"1119",56,0,2017,2,"",108,415,454,479,3782451,1050812,35765,648,"",0.36,0.18,0.18,0.19,0.21,0.15,0.15,1.12,"",1,0.9,-56,-11.9,-40,-8.1,-77,-13.8,3054,0.1,-249107,-19.2,1047,3,75,13.1
"846",39000,5,"11194",57,0,2017,2,"",7,20,20,24,157943,33038,533,570,"",0.13,0.06,0.05,0.06,0.05,0.03,0.01,0.93,"",-1,-12.5,-8,-28.6,-7,-25.9,-14,-36.8,-26890,-14.5,-15948,-32.6,7,1.3,111,24.2
"847",39000,5,"111940",58,0,2017,2,"",7,20,20,24,157943,33038,533,570,"",0.13,0.06,0.05,0.06,0.05,0.03,0.01,0.93,"",-1,-12.5,-8,-28.6,-7,-25.9,-14,-36.8,-26890,-14.5,-15948,-32.6,7,1.3,111,24.2
"848",39000,5,"11199",57,0,2017,2,"",101,395,434,455,3624508,1017774,35232,651,"",0.73,0.32,0.32,0.33,0.38,0.23,0.22,1.16,"",2,2,-48,-10.8,-33,-7.1,-63,-12.2,29944,0.8,-233159,-18.6,1040,3,70,12
"849",39000,5,"111998",58,0,2017,2,"",101,395,434,455,3624508,1017774,35232,651,"",0.83,0.35,0.35,0.36,0.41,0.25,0.24,1.16,"",2,2,-48,-10.8,-33,-7.1,-63,-12.2,29944,0.8,-233159,-18.6,1040,3,70,12
"850",39000,5,"112",55,0,2017,2,"",492,5930,5949,6062,48408378,11717323,238805,623,"",0.64,0.61,0.6,0.61,0.6,0.48,0.65,1,"",-3,-0.6,-167,-2.7,-217,-3.5,-111,-1.8,237674,0.5,-1075565,-8.4,37479,18.6,20,3.3
"851",39000,5,"1121",56,0,2017,2,"",243,2397,2379,2456,17957954,4420477,79356,573,"",0.48,0.41,0.4,0.41,0.39,0.32,0.37,0.96,"",-6,-2.4,-61,-2.5,-79,-3.2,6,0.2,250778,1.4,-333181,-7,19480,32.5,18,3.2
"852",39000,5,"11211",57,0,2017,2,"",52,204,199,215,1434673,464348,12197,536,"",0.18,0.11,0.1,0.11,0.09,0.11,0.18,0.87,"",-1,-1.9,-18,-8.1,-23,-10.4,-4,-1.8,-14076,-1,-49863,-9.7,1940,18.9,32,6.3
"853",39000,5,"112111",58,0,2017,2,"N",50,0,0,0,0,0,0,0,"N",0.19,0,0,0,0,0,0,0,"N",-1,-2,0,0,0,0,0,0,0,0,0,0,0,0,0,0
"854",39000,5,"112112",58,0,2017,2,"N",2,0,0,0,0,0,0,0,"N",0.06,0,0,0,0,0,0,0,"N",0,0,0,0,0,0,0,0,0,0,0,0,0,0,0,0
"855",39000,5,"11212",57,0,2017,2,"",191,2193,2180,2241,16523281,3956129,67159,577,"",0.89,0.56,0.54,0.55,0.54,0.41,0.46,0.98,"",-5,-2.6,-43,-1.9,-56,-2.5,10,0.4,264854,1.6,-283318,-6.7,17540,35.3,17,3
"856",39000,5,"112120",58,0,2017,2,"",191,2193,2180,2241,16523281,3956129,67159,577,"",0.89,0.56,0.54,0.55,0.54,0.41,0.46,0.98,"",-5,-2.6,-43,-1.9,-56,-2.5,10,0.4,264854,1.6,-283318,-6.7,17540,35.3,17,3
"857",39000,5,"1122",56,0,2017,2,"",77,923,967,984,7859067,1841092,36785,631,"",1.06,0.76,0.79,0.79,0.76,0.44,1.03,0.97,"",5,6.9,55,6.3,76,8.5,78,8.6,198182,2.6,28473,1.6,12553,51.8,-32,-4.8
"858",39000,5,"11221",57,0,2017,2,"",77,923,967,984,7859067,1841092,36785,631,"",1.06,0.76,0.79,0.79,0.76,0.44,1.03,0.97,"",5,6.9,55,6.3,76,8.5,78,8.6,198182,2.6,28473,1.6,12553,51.8,-32,-4.8
"859",39000,5,"112210",58,0,2017,2,"",77,923,967,984,7859067,1841092,36785,631,"",1.06,0.76,0.79,0.79,0.76,0.44,1.03,0.97,"",5,6.9,55,6.3,76,8.5,78,8.6,198182,2.6,28473,1.6,12553,51.8,-32,-4.8
"860",39000,5,"1123",56,0,2017,2,"",91,2188,2154,2165,18910264,4392278,95810,671,"",1.49,1.34,1.32,1.32,1.31,1.13,1.53,0.98,"",-4,-4.2,-127,-5.5,-200,-8.5,-183,-7.8,-96723,-0.5,-629374,-12.5,491,0.5,46,7.4
"861",39000,5,"11231",57,0,2017,2,"",43,1481,1459,1450,13750233,2830268,60822,723,"",2.14,1.88,1.85,1.84,2.06,1.59,1.87,1.11,"",0,0,-116,-7.3,-147,-9.2,-119,-7.6,70579,0.5,-465917,-14.1,-1748,-2.8,61,9.2
"862",39000,5,"112310",58,0,2017,2,"",43,1481,1459,1450,13750233,2830268,60822,723,"",2.14,1.88,1.85,1.84,2.06,1.59,1.87,1.11,"",0,0,-116,-7.3,-147,-9.2,-119,-7.6,70579,0.5,-465917,-14.1,-1748,-2.8,61,9.2
"863",39000,5,"11232",57,0,2017,2,"N",4,0,0,0,0,0,0,0,"N",0.26,0,0,0,0,0,0,0,"N",-1,-20,0,0,0,0,0,0,0,0,0,0,0,0,0,0
"864",39000,5,"112320",58,0,2017,2,"N",4,0,0,0,0,0,0,0,"N",0.26,0,0,0,0,0,0,0,"N",-1,-20,0,0,0,0,0,0,0,0,0,0,0,0,0,0
"865",39000,5,"11233",57,0,2017,2,"",22,326,329,332,2265933,590052,9775,530,"",2.22,1.78,1.82,1.8,1.44,1.19,1.49,0.8,"",-2,-8.3,17,5.5,-2,-0.6,-45,-11.9,8300,0.4,-151192,-20.4,410,4.4,18,3.5
"866",39000,5,"112330",58,0,2017,2,"",22,326,329,332,2265933,590052,9775,530,"",2.22,1.78,1.82,1.8,1.44,1.19,1.49,0.8,"",-2,-8.3,17,5.5,-2,-0.6,-45,-11.9,8300,0.4,-151192,-20.4,410,4.4,18,3.5
"867",39000,5,"11234",57,0,2017,2,"",21,355,339,352,2749284,880627,23510,607,"",1.68,1.04,1,1.02,0.88,1.17,2.14,0.86,"",-1,-4.5,-30,-7.8,-52,-13.3,-23,-6.1,-196954,-6.7,-32458,-3.6,1472,6.7,16,2.7
"868",39000,5,"112340",58,0,2017,2,"",21,355,339,352,2749284,880627,23510,607,"",1.68,1.04,1,1.02,0.88,1.17,2.14,0.86,"",-1,-4.5,-30,-7.8,-52,-13.3,-23,-6.1,-196954,-6.7,-32458,-3.6,1472,6.7,16,2.7
"869",39000,5,"11239",57,0,2017,2,"N",1,0,0,0,0,0,0,0,"N",0.28,0,0,0,0,0,0,0,"N",0,0,0,0,0,0,0,0,0,0,0,0,0,0,0,0
"870",39000,5,"112390",58,0,2017,2,"N",1,0,0,0,0,0,0,0,"N",0.28,0,0,0,0,0,0,0,"N",0,0,0,0,0,0,0,0,0,0,0,0,0,0,0,0
"871",39000,5,"1124",56,0,2017,2,"N",1,0,0,0,0,0,0,0,"N",0.1,0,0,0,0,0,0,0,"N",0,0,0,0,0,0,0,0,0,0,0,0,0,0,0,0
"872",39000,5,"11241",57,0,2017,2,"N",1,0,0,0,0,0,0,0,"N",0.15,0,0,0,0,0,0,0,"N",0,0,0,0,0,0,0,0,0,0,0,0,0,0,0,0
"873",39000,5,"112410",58,0,2017,2,"N",1,0,0,0,0,0,0,0,"N",0.15,0,0,0,0,0,0,0,"N",0,0,0,0,0,0,0,0,0,0,0,0,0,0,0,0
"874",39000,5,"1125",56,0,2017,2,"N",13,0,0,0,0,0,0,0,"N",0.5,0,0,0,0,0,0,0,"N",0,0,0,0,0,0,0,0,0,0,0,0,0,0,0,0
"875",39000,5,"11251",57,0,2017,2,"N",13,0,0,0,0,0,0,0,"N",0.5,0,0,0,0,0,0,0,"N",0,0,0,0,0,0,0,0,0,0,0,0,0,0,0,0
"876",39000,5,"112511",58,0,2017,2,"",11,92,93,98,1095565,235795,8132,893,"",0.79,0.7,0.68,0.69,0.93,0.61,0.77,1.34,"",0,0,2,2.2,-3,-3.1,1,1,-4423,-0.4,-13862,-5.6,1621,24.9,-4,-0.4
"877",39000,5,"112512",58,0,2017,2,"-",0,0,0,0,0,0,0,0,"N",0,0,0,0,0,0,0,0,"N",0,0,0,0,0,0,0,0,0,0,0,0,0,0,0,0
"878",39000,5,"112519",58,0,2017,2,"N",2,0,0,0,0,0,0,0,"N",0.53,0,0,0,0,0,0,0,"N",0,0,0,0,0,0,0,0,0,0,0,0,0,0,0,0
"879",39000,5,"1129",56,0,2017,2,"",67,322,348,351,2464427,820502,18596,557,"",0.68,0.44,0.47,0.46,0.39,0.57,0.53,0.86,"",2,3.1,-37,-10.3,-12,-3.3,-13,-3.6,-105711,-4.1,-129281,-13.6,3304,21.6,9,1.6
"880",39000,5,"11291",57,0,2017,2,"",4,10,9,10,32279,20489,470,257,"",0.24,0.08,0.07,0.07,0.03,0.06,0.05,0.41,"N",1,33.3,0,0,0,0,0,0,0,0,0,0,0,0,0,0
"881",39000,5,"112910",58,0,2017,2,"",4,10,9,10,32279,20489,470,257,"",0.24,0.08,0.07,0.07,0.03,0.06,0.05,0.41,"N",1,33.3,0,0,0,0,0,0,0,0,0,0,0,0,0,0
"882",39000,5,"11292",57,0,2017,2,"",29,98,114,109,783506,242973,7299,563,"",0.72,0.44,0.51,0.48,0.46,0.62,0.8,0.97,"",1,3.6,-19,-16.2,-4,-3.4,-9,-7.6,-68962,-8.1,-30729,-11.2,1804,32.8,6,1.1
"883",39000,5,"112920",58,0,2017,2,"",29,98,114,109,783506,242973,7299,563,"",0.72,0.44,0.51,0.48,0.46,0.62,0.8,0.97,"",1,3.6,-19,-16.2,-4,-3.4,-9,-7.6,-68962,-8.1,-30729,-11.2,1804,32.8,6,1.1
"884",39000,5,"11293",57,0,2017,2,"",4,51,59,63,511672,178439,4282,683,"",1.18,1.17,1.36,1.39,1.68,1.38,1.9,1.29,"N",0,0,0,0,0,0,0,0,0,0,0,0,0,0,0,0
"885",39000,5,"112930",58,0,2017,2,"",4,51,59,63,511672,178439,4282,683,"",1.18,1.17,1.36,1.39,1.68,1.38,1.9,1.29,"N",0,0,0,0,0,0,0,0,0,0,0,0,0,0,0,0
"886",39000,5,"11299",57,0,2017,2,"",30,163,166,169,1136970,378601,6545,527,"",0.81,0.48,0.48,0.48,0.35,0.64,0.47,0.73,"",0,0,-19,-10.4,-19,-10.3,-14,-7.7,-154167,-11.9,-102990,-21.4,53,0.8,-15,-2.8
"887",39000,5,"112990",58,0,2017,2,"",30,163,166,169,1136970,378601,6545,527,"",0.81,0.48,0.48,0.48,0.35,0.64,0.47,0.73,"",0,0,-19,-10.4,-19,-10.3,-14,-7.7,-154167,-11.9,-102990,-21.4,53,0.8,-15,-2.8
"888",39000,5,"113",55,0,2017,2,"",70,279,272,291,2206294,761114,36438,605,"",0.25,0.15,0.14,0.14,0.12,0.14,0.19,0.83,"",-5,-6.7,-7,-2.4,-4,-1.4,0,0,42813,2,-90052,-10.6,9426,34.9,20,3.4
"889",39000,5,"1131",56,0,2017,2,"N",1,0,0,0,0,0,0,0,"N",0.05,0,0,0,0,0,0,0,"N",0,0,0,0,0,0,0,0,0,0,0,0,0,0,0,0
"890",39000,5,"11311",57,0,2017,2,"N",1,0,0,0,0,0,0,0,"N",0.05,0,0,0,0,0,0,0,"N",0,0,0,0,0,0,0,0,0,0,0,0,0,0,0,0
"891",39000,5,"113110",58,0,2017,2,"N",1,0,0,0,0,0,0,0,"N",0.05,0,0,0,0,0,0,0,"N",0,0,0,0,0,0,0,0,0,0,0,0,0,0,0,0
"892",39000,5,"1132",56,0,2017,2,"N",1,0,0,0,0,0,0,0,"N",0.11,0,0,0,0,0,0,0,"N",0,0,0,0,0,0,0,0,0,0,0,0,0,0,0,0
"893",39000,5,"11321",57,0,2017,2,"N",1,0,0,0,0,0,0,0,"N",0.11,0,0,0,0,0,0,0,"N",0,0,0,0,0,0,0,0,0,0,0,0,0,0,0,0
"894",39000,5,"113210",58,0,2017,2,"N",1,0,0,0,0,0,0,0,"N",0.11,0,0,0,0,0,0,0,"N",0,0,0,0,0,0,0,0,0,0,0,0,0,0,0,0
"895",39000,5,"1133",56,0,2017,2,"",68,276,269,288,2195549,756969,36347,608,"",0.27,0.16,0.15,0.16,0.13,0.15,0.2,0.85,"N",-5,-6.8,0,0,0,0,0,0,0,0,0,0,0,0,0,0
"896",39000,5,"11331",57,0,2017,2,"",68,276,269,288,2195549,756969,36347,608,"",0.27,0.16,0.15,0.16,0.13,0.15,0.2,0.85,"N",-5,-6.8,0,0,0,0,0,0,0,0,0,0,0,0,0,0
"897",39000,5,"113310",58,0,2017,2,"",68,276,269,288,2195549,756969,36347,608,"",0.27,0.16,0.15,0.16,0.13,0.15,0.2,0.85,"N",-5,-6.8,0,0,0,0,0,0,0,0,0,0,0,0,0,0
"898",39000,5,"114",55,0,2017,2,"",14,35,50,52,329083,177041,13427,554,"",0.18,0.12,0.16,0.16,0.07,0.14,0.16,0.46,"",0,0,4,12.9,12,31.6,1,2,56825,20.9,20881,13.4,3241,31.8,30,5.7
"899",39000,5,"1141",56,0,2017,2,"",5,16,31,33,211273,132215,11283,609,"",0.08,0.07,0.13,0.13,0.05,0.11,0.14,0.44,"",0,0,4,33.3,9,40.9,0,0,48263,29.6,15128,12.9,2469,28,48,8.6
"900",39000,5,"11411",57,0,2017,2,"",5,16,31,33,211273,132215,11283,609,"",0.08,0.07,0.13,0.13,0.05,0.11,0.14,0.44,"",0,0,4,33.3,9,40.9,0,0,48263,29.6,15128,12.9,2469,28,48,8.6
"901",39000,5,"114111",58,0,2017,2,"",5,16,31,33,211273,132215,11283,609,"",0.16,0.13,0.24,0.24,0.09,0.18,0.24,0.45,"",0,0,4,33.3,9,40.9,0,0,48263,29.6,15128,12.9,2469,28,48,8.6
"902",39000,5,"1142",56,0,2017,2,"",9,19,19,19,117810,44826,2144,477,"",0.63,0.28,0.29,0.28,0.24,0.39,0.65,0.84,"",0,0,0,0,3,18.8,1,5.6,8562,7.8,5753,14.7,772,56.3,1,0.2
"903",39000,5,"11421",57,0,2017,2,"",9,19,19,19,117810,44826,2144,477,"",0.63,0.28,0.29,0.28,0.24,0.39,0.65,0.84,"",0,0,0,0,3,18.8,1,5.6,8562,7.8,5753,14.7,772,56.3,1,0.2
"904",39000,5,"114210",58,0,2017,2,"",9,19,19,19,117810,44826,2144,477,"",0.63,0.28,0.29,0.28,0.24,0.39,0.65,0.84,"",0,0,0,0,3,18.8,1,5.6,8562,7.8,5753,14.7,772,56.3,1,0.2
"905",39000,5,"115",55,0,2017,2,"",308,1908,2047,2243,18772716,4047479,129426,699,"",0.53,0.14,0.13,0.14,0.18,0.11,0.06,1.3,"",9,3,29,1.5,90,4.6,122,5.8,1127616,6.4,198062,5.1,47328,57.6,15,2.2
"906",39000,5,"1151",56,0,2017,2,"",155,881,979,1136,8880716,2180492,88043,684,"",0.45,0.07,0.07,0.08,0.1,0.07,0.04,1.31,"",5,3.3,37,4.4,57,6.2,132,13.1,769206,9.5,284368,15,37181,73.1,8,1.2
"907",39000,5,"11511",57,0,2017,2,"",155,881,979,1136,8880716,2180492,88043,684,"",0.45,0.07,0.07,0.08,0.1,0.07,0.04,1.31,"",5,3.3,37,4.4,57,6.2,132,13.1,769206,9.5,284368,15,37181,73.1,8,1.2
"908",39000,5,"115112",58,0,2017,2,"",58,310,346,407,3332912,1032797,55709,724,"",0.52,0.28,0.29,0.34,0.33,0.38,0.4,1.08,"",-2,-3.3,-7,-2.2,31,9.8,54,15.3,422334,14.5,371436,56.2,35821,180.1,42,6.2
"909",39000,5,"115113",58,0,2017,2,"",10,53,56,48,412176,118907,2746,606,"",0.32,0.11,0.1,0.09,0.11,0.1,0.04,1.13,"",0,0,9,20.5,6,12,10,26.3,56017,15.7,24560,26,609,28.5,-17,-2.7
"910",39000,5,"115114",58,0,2017,2,"",76,489,540,645,4906384,950346,28442,676,"",1.18,0.15,0.15,0.18,0.17,0.11,0.06,1.07,"",5,7,32,7,14,2.7,66,11.4,290575,6.3,-105475,-10,722,2.6,-6,-0.9
"911",39000,5,"115115",58,0,2017,2,"",6,19,27,26,144222,67507,901,462,"",0.08,0,0,0,0,0,0,1.1,"",2,50,2,11.8,6,28.6,0,0,20830,16.9,-3048,-4.3,71,8.6,17,3.8
"912",39000,5,"115116",58,0,2017,2,"",5,10,10,10,85022,10935,245,654,"",0.12,0.01,0.01,0.01,0.01,0.01,0,0.93,"",0,0,1,11.1,0,0,2,25,-20550,-19.5,-3105,-22.1,-42,-14.6,-248,-27.5
"913",39000,5,"1152",56,0,2017,2,"",136,988,1023,1041,9269146,1595161,34741,701,"",0.81,0.88,0.91,0.92,1.03,0.72,0.88,1.14,"",3,2.3,2,0.2,38,3.9,20,2,389788,4.4,-101605,-6,8430,32,16,2.3
"914",39000,5,"11521",57,0,2017,2,"",136,988,1023,1041,9269146,1595161,34741,701,"",0.81,0.88,0.91,0.92,1.03,0.72,0.88,1.14,"",3,2.3,2,0.2,38,3.9,20,2,389788,4.4,-101605,-6,8430,32,16,2.3
"915",39000,5,"115210",58,0,2017,2,"",136,988,1023,1041,9269146,1595161,34741,701,"",0.81,0.88,0.91,0.92,1.03,0.72,0.88,1.14,"",3,2.3,2,0.2,38,3.9,20,2,389788,4.4,-101605,-6,8430,32,16,2.3
"916",39000,5,"1153",56,0,2017,2,"",17,39,45,66,622854,271826,6642,958,"",0.24,0.07,0.08,0.11,0.11,0.15,0.13,1.28,"",1,6.2,-10,-20.4,-5,-10,-30,-31.2,-31378,-4.8,15299,6,1717,34.9,184,23.8
"917",39000,5,"11531",57,0,2017,2,"",17,39,45,66,622854,271826,6642,958,"",0.24,0.07,0.08,0.11,0.11,0.15,0.13,1.28,"",1,6.2,-10,-20.4,-5,-10,-30,-31.2,-31378,-4.8,15299,6,1717,34.9,184,23.8
"918",39000,5,"115310",58,0,2017,2,"",17,39,45,66,622854,271826,6642,958,"",0.24,0.07,0.08,0.11,0.11,0.15,0.13,1.28,"",1,6.2,-10,-20.4,-5,-10,-30,-31.2,-31378,-4.8,15299,6,1717,34.9,184,23.8
"919",39000,5,"21",54,0,2017,2,"",906,10885,10991,11147,191057448,19205320,1307792,1335,"",0.93,0.48,0.47,0.47,0.39,0.43,0.57,0.82,"",-37,-3.9,-131,-1.2,8,0.1,161,1.5,5567836,3,3580259,22.9,461462,54.5,37,2.9
"920",39000,5,"211",55,0,2017,2,"",132,1057,1071,1103,17677375,1172492,52146,1263,"",0.59,0.2,0.2,0.2,0.1,0.28,0.41,0.52,"",-59,-30.9,-603,-36.3,-553,-34.1,-491,-30.8,-9980868,-36.1,-223687,-16,-3841,-6.9,-45,-3.4
"921",39000,5,"2111",56,0,2017,2,"",132,1057,1071,1103,17677375,1172492,52146,1263,"",0.59,0.2,0.2,0.2,0.1,0.28,0.41,0.52,"",-59,-30.9,-603,-36.3,-553,-34.1,-491,-30.8,-9980868,-36.1,-223687,-16,-3841,-6.9,-45,-3.4
"922",39000,5,"21112",57,0,2017,2,"",75,279,277,285,4180324,280558,6334,1147,"",0.51,0.07,0.07,0.07,0.03,0.09,0.07,0.43,"N",75,100,0,0,0,0,0,0,0,0,0,0,0,0,0,0
"923",39000,5,"211120",58,0,2017,2,"",75,279,277,285,4180324,280558,6334,1147,"",0.51,0.07,0.07,0.07,0.03,0.09,0.07,0.43,"N",75,100,0,0,0,0,0,0,0,0,0,0,0,0,0,0
"924",39000,5,"21113",57,0,2017,2,"",57,778,794,818,13497051,891934,45812,1303,"",0.75,0.56,0.56,0.58,0.39,0.81,1.18,0.69,"N",57,100,0,0,0,0,0,0,0,0,0,0,0,0,0,0
"925",39000,5,"211130",58,0,2017,2,"",57,778,794,818,13497051,891934,45812,1303,"",0.75,0.56,0.56,0.58,0.39,0.81,1.18,0.69,"N",57,100,0,0,0,0,0,0,0,0,0,0,0,0,0,0
"926",39000,5,"212",55,0,2017,2,"",303,4443,4493,4481,68448520,6055631,453235,1177,"",1.43,0.65,0.65,0.64,0.6,0.39,0.61,0.93,"",5,1.7,-321,-6.7,-274,-5.7,-318,-6.6,-11779301,-14.7,-776989,-11.4,10642,2.4,-115,-8.9
"927",39000,5,"2121",56,0,2017,2,"N",71,0,0,0,0,0,0,0,"N",2.62,0,0,0,0,0,0,0,"N",4,6,0,0,0,0,0,0,0,0,0,0,0,0,0,0
"928",39000,5,"21211",57,0,2017,2,"N",71,0,0,0,0,0,0,0,"N",2.62,0,0,0,0,0,0,0,"N",4,6,0,0,0,0,0,0,0,0,0,0,0,0,0,0
"929",39000,5,"212111",58,0,2017,2,"N",58,0,0,0,0,0,0,0,"N",3.78,0,0,0,0,0,0,0,"N",3,5.5,0,0,0,0,0,0,0,0,0,0,0,0,0,0
"930",39000,5,"212112",58,0,2017,2,"",13,452,437,445,9234937,130504,11429,1598,"",1.31,0.45,0.44,0.44,0.49,0.14,0.24,1.1,"",1,8.3,-364,-44.6,-333,-43.2,-322,-42,-11183724,-54.8,-280123,-68.2,3543,44.9,-405,-20.2
"931",39000,5,"2122",56,0,2017,2,"N",1,0,0,0,0,0,0,0,"N",0.08,0,0,0,0,0,0,0,"N",0,0,0,0,0,0,0,0,0,0,0,0,0,0,0,0
"932",39000,5,"21221",57,0,2017,2,"N",1,0,0,0,0,0,0,0,"N",1.1,0,0,0,0,0,0,0,"N",0,0,0,0,0,0,0,0,0,0,0,0,0,0,0,0
"933",39000,5,"212210",58,0,2017,2,"N",1,0,0,0,0,0,0,0,"N",1.1,0,0,0,0,0,0,0,"N",0,0,0,0,0,0,0,0,0,0,0,0,0,0,0,0
"934",39000,5,"2123",56,0,2017,2,"",231,3500,3580,3594,53338727,5723332,429832,1153,"",1.34,1.01,1,0.99,1.06,0.67,0.83,1.06,"",1,0.4,181,5.5,158,4.6,112,3.2,1990874,3.9,-432677,-7,6714,1.6,-6,-0.5
"935",39000,5,"21231",57,0,2017,2,"",102,1870,1919,1930,29835731,3436045,265932,1204,"",1.37,1.19,1.19,1.18,1.4,1.02,1.21,1.18,"",0,0,126,7.2,119,6.6,99,5.4,2212945,8,-313365,-8.4,2422,0.9,18,1.5
"936",39000,5,"212311",58,0,2017,2,"",11,131,136,128,1323430,225173,11807,773,"",0.63,0.45,0.45,0.42,0.43,0.32,0.36,0.98,"",0,0,29,28.4,36,36,16,14.3,-135352,-9.3,22490,11.1,1989,20.3,-299,-27.9
"937",39000,5,"212312",58,0,2017,2,"",78,1575,1609,1622,25545796,2614009,200737,1227,"",2.33,1.98,1.98,1.97,2.29,1.74,1.64,1.16,"",-1,-1.3,79,5.3,65,4.2,67,4.3,2060967,8.8,-329375,-11.2,-8560,-4.1,48,4.1
"938",39000,5,"212313",58,0,2017,2,"N",2,0,0,0,0,0,0,0,"N",0.24,0,0,0,0,0,0,0,"N",-1,-33.3,0,0,0,0,0,0,0,0,0,0,0,0,0,0
"939",39000,5,"212319",58,0,2017,2,"N",11,0,0,0,0,0,0,0,"N",0.72,0,0,0,0,0,0,0,"N",2,22.2,0,0,0,0,0,0,0,0,0,0,0,0,0,0
"940",39000,5,"21232",57,0,2017,2,"",119,1228,1257,1269,16490071,2059328,154238,1014,"",1.4,0.83,0.81,0.8,0.76,0.49,0.57,0.94,"",0,0,21,1.7,23,1.9,1,0.1,-5943,0,-130623,-6,3437,2.3,-12,-1.2
"941",39000,5,"212321",58,0,2017,2,"",104,1098,1128,1143,14442951,1964093,151696,989,"",1.42,1.04,1.02,1.01,0.96,0.58,0.64,0.94,"",2,2,22,2,29,2.6,9,0.8,225077,1.6,-126309,-6,5760,3.9,-3,-0.3
"942",39000,5,"212322",58,0,2017,2,"",8,99,99,101,1694857,69017,1654,1308,"",1.25,0.44,0.42,0.41,0.47,0.14,0.06,1.11,"",-1,-11.1,6,6.5,6,6.5,8,8.6,-54693,-3.1,36476,112.1,676,69.1,-139,-9.6
"943",39000,5,"212325",58,0,2017,2,"",7,31,30,25,352263,26218,888,945,"",1.87,0.22,0.21,0.17,0.17,0.09,0.15,0.84,"",-1,-12.5,-7,-18.4,-12,-28.6,-16,-39,-176327,-33.4,-40790,-60.9,-2999,-77.2,-63,-6.2
"944",39000,5,"21239",57,0,2017,2,"",10,402,404,395,7012925,227959,9662,1348,"",0.83,0.95,0.95,0.93,0.97,0.22,0.36,1.03,"",1,11.1,34,9.2,16,4.1,12,3.1,-216128,-3,11311,5.2,855,9.7,-117,-8
"945",39000,5,"212391",58,0,2017,2,"N",1,0,0,0,0,0,0,0,"N",1.51,0,0,0,0,0,0,0,"N",1,100,0,0,0,0,0,0,0,0,0,0,0,0,0,0
"946",39000,5,"212393",58,0,2017,2,"",6,386,384,377,6841148,172520,6347,1376,"",2.26,3.99,3.99,3.98,4.36,1.13,1.38,1.09,"",0,0,35,10,15,4.1,13,3.6,-243306,-3.4,8391,5.1,628,11,-132,-8.8
"947",39000,5,"212399",58,0,2017,2,"N",3,0,0,0,0,0,0,0,"N",0.37,0,0,0,0,0,0,0,"N",0,0,0,0,0,0,0,0,0,0,0,0,0,0,0,0
"948",39000,5,"213",55,0,2017,2,"",471,5385,5427,5563,104931553,11977197,802411,1479,"",0.87,0.51,0.5,0.5,0.51,0.49,0.55,1.02,"",17,3.7,793,17.3,835,18.2,970,21.1,27328005,35.2,4580935,61.9,454661,130.7,179,13.8
"949",39000,5,"2131",56,0,2017,2,"",471,5385,5427,5563,104931553,11977197,802411,1479,"",0.87,0.51,0.5,0.5,0.51,0.49,0.55,1.02,"",17,3.7,793,17.3,835,18.2,970,21.1,27328005,35.2,4580935,61.9,454661,130.7,179,13.8
"950",39000,5,"21311",57,0,2017,2,"",471,5385,5427,5563,104931553,11977197,802411,1479,"",0.87,0.51,0.5,0.5,0.51,0.49,0.55,1.02,"",17,3.7,793,17.3,835,18.2,970,21.1,27328005,35.2,4580935,61.9,454661,130.7,179,13.8
"951",39000,5,"213111",58,0,2017,2,"",114,1164,1164,1233,21830586,2614434,192910,1415,"",1.53,0.56,0.54,0.56,0.48,0.63,0.56,0.86,"",3,2.7,109,10.3,76,7,165,15.4,4165003,23.6,155270,6.3,66991,53.2,145,11.4
"952",39000,5,"213112",58,0,2017,2,"",320,3628,3659,3723,67908107,8715351,566462,1423,"",0.73,0.45,0.44,0.44,0.44,0.45,0.54,1.01,"",14,4.6,685,23.3,756,26,801,27.4,21599063,46.6,4285560,96.7,376621,198.4,204,16.7
"953",39000,5,"213113",58,0,2017,2,"",26,524,532,537,13872178,491866,29068,2010,"",2.28,2.79,2.85,2.84,4.72,1.49,1.52,1.67,"",0,0,11,2.1,19,3.7,24,4.7,1690560,13.9,182155,58.8,12352,73.9,183,10
"954",39000,5,"213114",58,0,2017,2,"",3,12,12,11,181556,10566,916,1197,"",0.32,0.1,0.1,0.09,0.07,0.02,0.04,0.77,"",0,0,1,9.1,0,0,-1,-8.3,23416,14.8,-5544,-34.4,68,8,154,14.8
"955",39000,5,"213115",58,0,2017,2,"",8,57,60,59,1139126,144980,13055,1494,"",0.99,0.6,0.62,0.59,0.83,0.55,0.98,1.38,"",0,0,-13,-18.6,-16,-21.1,-19,-24.4,-150037,-11.6,-36506,-20.1,-1371,-9.5,166,12.5
"956",39000,5,"22",54,0,2017,2,"",589,18992,18988,19155,424947287,8297612,198271,1716,"",1.09,0.92,0.92,0.92,0.93,0.4,0.61,1.01,"",13,2.3,-279,-1.4,-287,-1.5,-178,-0.9,10267564,2.5,1368955,19.8,88081,79.9,63,3.8
"957",39000,5,"221",55,0,2017,2,"",589,18992,18988,19155,424947287,8297612,198271,1716,"",1.09,0.92,0.92,0.92,0.93,0.4,0.61,1.01,"",13,2.3,-279,-1.4,-287,-1.5,-178,-0.9,10267564,2.5,1368955,19.8,88081,79.9,63,3.8
"958",39000,5,"2211",56,0,2017,2,"",323,12360,12307,12404,291070853,3828766,88841,1812,"",1.16,0.85,0.84,0.85,0.86,0.28,0.45,1.01,"",7,2.2,-243,-1.9,-293,-2.3,-208,-1.6,-209668,-0.1,421094,12.4,51850,140.2,34,1.9
"959",39000,5,"22111",57,0,2017,2,"",85,4946,4892,4866,131603986,1135378,24945,2065,"",0.82,0.84,0.83,0.83,0.87,0.21,0.26,1.05,"",2,2.4,-465,-8.6,-500,-9.3,-539,-10,-7407618,-5.3,-197485,-14.8,12137,94.8,86,4.3
"960",39000,5,"221111",58,0,2017,2,"N",5,0,0,0,0,0,0,0,"N",0.26,0,0,0,0,0,0,0,"N",0,0,0,0,0,0,0,0,0,0,0,0,0,0,0,0
"961",39000,5,"221112",58,0,2017,2,"",64,3320,3278,3236,85332912,716410,13343,2002,"",1.19,0.96,0.95,0.93,1.04,0.21,0.31,1.09,"",3,4.9,-459,-12.1,-494,-13.1,-547,-14.5,-10374474,-10.8,-409246,-36.4,3793,39.7,53,2.7
"962",39000,5,"221113",58,0,2017,2,"N",3,0,0,0,0,0,0,0,"N",0.78,0,0,0,0,0,0,0,"N",0,0,0,0,0,0,0,0,0,0,0,0,0,0,0,0
"963",39000,5,"221114",58,0,2017,2,"",3,30,30,35,998526,32216,959,2426,"",0.38,0.28,0.29,0.34,0.4,0.14,0.14,1.34,"",0,0,10,50,11,57.9,14,66.7,360561,56.5,553,1.7,164,20.6,-28,-1.1
"964",39000,5,"221115",58,0,2017,2,"N",4,0,0,0,0,0,0,0,"N",0.42,0,0,0,0,0,0,0,"N",-1,-20,0,0,0,0,0,0,0,0,0,0,0,0,0,0
"965",39000,5,"221117",58,0,2017,2,"N",3,0,0,0,0,0,0,0,"N",0.72,0,0,0,0,0,0,0,"N",0,0,0,0,0,0,0,0,0,0,0,0,0,0,0,0
"966",39000,5,"221118",58,0,2017,2,"",3,51,50,51,1159637,7781,274,1761,"",0.65,0.92,0.88,0.91,0.75,0.09,0.17,0.83,"",0,0,5,10.9,6,13.6,7,15.9,145480,14.3,-5516,-41.5,-77,-21.9,14,0.8
"967",39000,5,"22112",57,0,2017,2,"",238,7414,7415,7538,159466867,2693388,63896,1645,"",1.37,0.86,0.85,0.86,0.84,0.33,0.63,0.98,"",5,2.1,222,3.1,207,2.9,331,4.6,7197950,4.7,618579,29.8,39713,164.2,19,1.2
"968",39000,5,"221121",58,0,2017,2,"",56,1515,1507,1531,33362094,493300,6517,1691,"",2.98,1.58,1.57,1.57,1.54,0.64,0.68,0.98,"",-1,-1.8,-6,-0.4,-9,-0.6,20,1.3,-538239,-1.6,127247,34.8,3165,94.4,-29,-1.7
"969",39000,5,"221122",58,0,2017,2,"",182,5899,5908,6007,126104773,2200088,57379,1634,"",1.17,0.77,0.76,0.77,0.75,0.3,0.62,0.98,"",6,3.4,228,4,216,3.8,311,5.5,7736189,6.5,491332,28.8,36548,175.5,33,2.1
"970",39000,5,"2212",56,0,2017,2,"",153,5455,5490,5558,117146940,3387302,74751,1638,"",1.74,1.31,1.32,1.33,1.25,0.84,1.16,0.95,"",4,2.7,46,0.9,56,1,83,1.5,10374449,9.7,1105934,48.5,37369,100,128,8.5
"971",39000,5,"22121",57,0,2017,2,"",153,5455,5490,5558,117146940,3387302,74751,1638,"",1.74,1.31,1.32,1.33,1.25,0.84,1.16,0.95,"",4,2.7,46,0.9,56,1,83,1.5,10374449,9.7,1105934,48.5,37369,100,128,8.5
"972",39000,5,"221210",58,0,2017,2,"",153,5455,5490,5558,117146940,3387302,74751,1638,"",1.74,1.31,1.32,1.33,1.25,0.84,1.16,0.95,"",4,2.7,46,0.9,56,1,83,1.5,10374449,9.7,1105934,48.5,37369,100,128,8.5
"973",39000,5,"2213",56,0,2017,2,"",113,1177,1191,1193,16729494,1081544,34679,1084,"",0.64,0.63,0.63,0.63,0.7,0.37,0.57,1.12,"",2,1.8,-82,-6.5,-50,-4,-53,-4.3,102783,0.6,-158073,-12.8,-1138,-3.2,60,5.9
"974",39000,5,"22131",57,0,2017,2,"",79,907,922,917,12579389,872441,28689,1057,"",0.52,0.58,0.58,0.57,0.63,0.35,0.56,1.09,"",1,1.3,-83,-8.4,-48,-4.9,-57,-5.9,-16962,-0.1,-164157,-15.8,-1367,-4.5,66,6.7
"975",39000,5,"221310",58,0,2017,2,"",79,907,922,917,12579389,872441,28689,1057,"",0.52,0.58,0.58,0.57,0.63,0.35,0.56,1.09,"",1,1.3,-83,-8.4,-48,-4.9,-57,-5.9,-16962,-0.1,-164157,-15.8,-1367,-4.5,66,6.7
"976",39000,5,"22132",57,0,2017,2,"",28,182,181,184,2544081,146029,3512,1073,"",1.41,0.81,0.8,0.81,0.95,0.37,0.45,1.17,"",0,0,5,2.8,1,0.6,1,0.5,34290,1.4,-1437,-1,-612,-14.8,0,0
"977",39000,5,"221320",58,0,2017,2,"",28,182,181,184,2544081,146029,3512,1073,"",1.41,0.81,0.8,0.81,0.95,0.37,0.45,1.17,"",0,0,5,2.8,1,0.6,1,0.5,34290,1.4,-1437,-1,-612,-14.8,0,0
"978",39000,5,"22133",57,0,2017,2,"",6,88,88,92,1606024,63074,2478,1383,"",1.74,1.55,1.55,1.57,1.6,0.8,1.43,1.03,"",1,20,-4,-4.3,-3,-3.3,3,3.4,85455,5.6,7521,13.5,841,51.4,93,7.2
"979",39000,5,"221330",58,0,2017,2,"",6,88,88,92,1606024,63074,2478,1383,"",1.74,1.55,1.55,1.57,1.6,0.8,1.43,1.03,"",1,20,-4,-4.3,-3,-3.3,3,3.4,85455,5.6,7521,13.5,841,51.4,93,7.2
"980",39000,5,"23",54,0,2017,2,"",23002,213291,226066,233146,3292535972,601861407,43385622,1130,"",0.97,0.84,0.87,0.88,0.97,0.99,1.33,1.13,"",183,0.8,9878,4.9,14681,6.9,15431,7.1,415545298,14.4,65310001,12.2,8190446,23.3,80,7.6
"981",39000,5,"236",55,0,2017,2,"",6259,44768,46012,47314,649046903,90363665,5408434,1085,"",0.87,0.8,0.8,0.8,0.81,0.72,0.92,1.01,"",29,0.5,483,1.1,678,1.5,1476,3.2,30682488,5,-1392843,-1.5,298349,5.8,32,3
"982",39000,5,"2361",56,0,2017,2,"",4551,19035,19613,20210,226121460,40694318,1808944,887,"",0.83,0.69,0.7,0.7,0.7,0.64,0.77,1,"",41,0.9,38,0.2,14,0.1,283,1.4,12340870,5.8,-1556824,-3.7,70751,4.1,44,5.2
"983",39000,5,"23611",57,0,2017,2,"",4551,19035,19613,20210,226121460,40694318,1808944,887,"",0.83,0.69,0.7,0.7,0.7,0.64,0.77,1,"",41,0.9,38,0.2,14,0.1,283,1.4,12340870,5.8,-1556824,-3.7,70751,4.1,44,5.2
"984",39000,5,"236115",58,0,2017,2,"",1722,6619,6840,7060,84953413,13642520,620445,955,"",0.68,0.52,0.53,0.53,0.54,0.45,0.58,1.02,"",-29,-1.7,-195,-2.9,-226,-3.2,-141,-2,5112560,6.4,-733760,-5.1,35052,6,81,9.3
"985",39000,5,"236116",58,0,2017,2,"",84,659,672,712,10709827,1217660,49215,1210,"",0.74,0.53,0.54,0.56,0.53,0.43,0.45,0.98,"",5,6.3,81,14,78,13.1,108,17.9,1937539,22.1,134969,12.5,10418,26.9,70,6.1
"986",39000,5,"236117",58,0,2017,2,"",64,1166,1194,1220,20376278,1549754,74174,1313,"",0.52,0.81,0.81,0.81,0.8,0.55,0.81,0.99,"",0,0,77,7.1,71,6.3,93,8.3,713553,3.6,-87627,-5.4,-2397,-3.1,-46,-3.4
"987",39000,5,"236118",58,0,2017,2,"",2681,10591,10907,11218,110081942,24284384,1065110,776,"",0.97,0.88,0.88,0.88,0.9,0.88,0.98,1.02,"",65,2.5,75,0.7,91,0.8,223,2,4577218,4.3,-870406,-3.5,27678,2.7,23,3.1
"988",39000,5,"2362",56,0,2017,2,"",1708,25733,26399,27104,422925443,49669347,3599490,1232,"",1.04,0.9,0.9,0.9,0.89,0.79,1.03,0.99,"",-12,-0.7,445,1.8,664,2.6,1193,4.6,18341618,4.5,163981,0.3,227598,6.7,18,1.5
"989",39000,5,"23621",57,0,2017,2,"",165,4564,4726,4771,85427322,10243002,878077,1402,"",0.89,0.76,0.76,0.77,0.78,0.78,0.95,1.03,"",-1,-0.6,-710,-13.5,-686,-12.7,-547,-10.3,-9626384,-10.1,717163,7.5,134251,18,31,2.3
"990",39000,5,"236210",58,0,2017,2,"",165,4564,4726,4771,85427322,10243002,878077,1402,"",0.89,0.76,0.76,0.77,0.78,0.78,0.95,1.03,"",-1,-0.6,-710,-13.5,-686,-12.7,-547,-10.3,-9626384,-10.1,717163,7.5,134251,18,31,2.3
"991",39000,5,"23622",57,0,2017,2,"",1543,21169,21673,22333,337498121,39426345,2721413,1195,"",1.06,0.94,0.94,0.94,0.93,0.8,1.05,0.99,"",-11,-0.7,1155,5.8,1350,6.6,1740,8.4,27968002,9,-553182,-1.4,93347,3.6,23,2
"992",39000,5,"236220",58,0,2017,2,"",1543,21169,21673,22333,337498121,39426345,2721413,1195,"",1.06,0.94,0.94,0.94,0.93,0.8,1.05,0.99,"",-11,-0.7,1155,5.8,1350,6.6,1740,8.4,27968002,9,-553182,-1.4,93347,3.6,23,2
"993",39000,5,"237",55,0,2017,2,"",1532,33497,38716,40377,818088082,179025524,15316717,1677,"",1.01,0.93,1.02,1.05,1.4,1.79,2.09,1.4,"",42,2.8,6298,23.2,9977,34.7,9865,32.3,312227162,61.7,69638725,63.7,6595544,75.6,327,24.2
"994",39000,5,"2371",56,0,2017,2,"",788,21007,24151,25062,562282361,115736242,9584391,1848,"",1.04,1.12,1.25,1.29,1.84,2.4,2.94,1.51,"",30,4,5537,35.8,8923,58.6,8929,55.3,289470724,106.1,65500002,130.4,5818192,154.5,504,37.5
"995",39000,5,"23711",57,0,2017,2,"",358,6098,6565,6763,107405175,16243215,1366488,1276,"",0.97,0.92,0.96,0.98,1.16,1.05,1.45,1.22,"",3,0.8,427,7.5,758,13.1,754,12.5,19672368,22.4,3612623,28.6,410041,42.9,118,10.2
"996",39000,5,"237110",58,0,2017,2,"",358,6098,6565,6763,107405175,16243215,1366488,1276,"",0.97,0.92,0.96,0.98,1.16,1.05,1.45,1.22,"",3,0.8,427,7.5,758,13.1,754,12.5,19672368,22.4,3612623,28.6,410041,42.9,118,10.2
"997",39000,5,"23712",57,0,2017,2,"",195,10063,12808,13753,378169782,87129408,7361224,2383,"",1.68,1.94,2.31,2.44,3.76,5.41,5.44,1.68,"",21,12.1,5655,128.3,8348,187.2,8815,178.5,289801613,327.9,68012442,355.8,5901673,404.3,906,61.3
"998",39000,5,"237120",58,0,2017,2,"",195,10063,12808,13753,378169782,87129408,7361224,2383,"",1.68,1.94,2.31,2.44,3.76,5.41,5.44,1.68,"",21,12.1,5655,128.3,8348,187.2,8815,178.5,289801613,327.9,68012442,355.8,5901673,404.3,906,61.3
"999",39000,5,"23713",57,0,2017,2,"",235,4846,4778,4546,76707404,12363619,856679,1249,"",0.85,0.7,0.68,0.66,0.68,0.74,0.89,1,"",6,2.6,-545,-10.1,-183,-3.7,-640,-12.3,-20003257,-20.7,-6125063,-33.1,-493522,-36.6,-187,-13
"1000",39000,5,"237130",58,0,2017,2,"",235,4846,4778,4546,76707404,12363619,856679,1249,"",0.85,0.7,0.68,0.66,0.68,0.74,0.89,1,"",6,2.6,-545,-10.1,-183,-3.7,-640,-12.3,-20003257,-20.7,-6125063,-33.1,-493522,-36.6,-187,-13
"1001",39000,5,"2372",56,0,2017,2,"",112,532,530,540,10078463,686585,32843,1452,"",0.61,0.36,0.35,0.35,0.4,0.3,0.48,1.12,"",-3,-2.6,-37,-6.5,-50,-8.6,-46,-7.8,480641,5,-124301,-15.3,-6575,-16.7,175,13.7
"1002",39000,5,"23721",57,0,2017,2,"",112,532,530,540,10078463,686585,32843,1452,"",0.61,0.36,0.35,0.35,0.4,0.3,0.48,1.12,"",-3,-2.6,-37,-6.5,-50,-8.6,-46,-7.8,480641,5,-124301,-15.3,-6575,-16.7,175,13.7
"1003",39000,5,"237210",58,0,2017,2,"",112,532,530,540,10078463,686585,32843,1452,"",0.61,0.36,0.35,0.35,0.4,0.3,0.48,1.12,"",-3,-2.6,-37,-6.5,-50,-8.6,-46,-7.8,480641,5,-124301,-15.3,-6575,-16.7,175,13.7
"1004",39000,5,"2373",56,0,2017,2,"",431,10154,12106,12796,214568000,57089030,5285562,1412,"",1.29,0.87,0.95,0.97,1.16,1.44,1.56,1.24,"",5,1.2,757,8.1,990,8.9,840,7,18711897,9.6,3112897,5.8,680482,14.8,20,1.4
"1005",39000,5,"23731",57,0,2017,2,"",431,10154,12106,12796,214568000,57089030,5285562,1412,"",1.29,0.87,0.95,0.97,1.16,1.44,1.56,1.24,"",5,1.2,757,8.1,990,8.9,840,7,18711897,9.6,3112897,5.8,680482,14.8,20,1.4
"1006",39000,5,"237310",58,0,2017,2,"",431,10154,12106,12796,214568000,57089030,5285562,1412,"",1.29,0.87,0.95,0.97,1.16,1.44,1.56,1.24,"",5,1.2,757,8.1,990,8.9,840,7,18711897,9.6,3112897,5.8,680482,14.8,20,1.4
"1007",39000,5,"2379",56,0,2017,2,"",201,1804,1929,1979,31159258,5513667,413921,1259,"",0.84,0.44,0.45,0.46,0.46,0.56,0.68,1.01,"",10,5.2,41,2.3,114,6.3,142,7.7,3563900,12.9,1150127,26.4,103445,33.3,83,7.1
"1008",39000,5,"23799",57,0,2017,2,"",201,1804,1929,1979,31159258,5513667,413921,1259,"",0.84,0.44,0.45,0.46,0.46,0.56,0.68,1.01,"",10,5.2,41,2.3,114,6.3,142,7.7,3563900,12.9,1150127,26.4,103445,33.3,83,7.1
"1009",39000,5,"237990",58,0,2017,2,"",201,1804,1929,1979,31159258,5513667,413921,1259,"",0.84,0.44,0.45,0.46,0.46,0.56,0.68,1.01,"",10,5.2,41,2.3,114,6.3,142,7.7,3563900,12.9,1150127,26.4,103445,33.3,83,7.1
"1010",39000,5,"238",55,0,2017,2,"",15211,135026,141338,145455,1825400987,332472218,22660471,999,"",1.02,0.84,0.85,0.86,0.91,0.87,1.16,1.07,"",112,0.7,3097,2.3,4026,2.9,4090,2.9,72635648,4.1,-2935881,-0.9,1296553,6.1,14,1.4
"1011",39000,5,"2381",56,0,2017,2,"",3388,26266,27988,29349,327958152,84588725,6205834,905,"",1.15,0.82,0.85,0.87,0.91,1.04,1.44,1.07,"",23,0.7,447,1.7,421,1.5,143,0.5,204108,0.1,-6846004,-7.5,-161514,-2.5,-11,-1.2
"1012",39000,5,"23811",57,0,2017,2,"",731,6684,7187,7541,89201788,22996429,1712938,961,"",1.25,0.85,0.88,0.9,0.97,1.17,1.57,1.1,"",36,5.2,303,4.7,491,7.3,480,6.8,5337299,6.4,1135710,5.2,142644,9.1,0,0
"1013",39000,5,"238111",58,0,2017,2,"",533,3310,3591,3821,37770661,12767004,868335,813,"",1.29,0.88,0.91,0.94,0.95,1.22,1.54,1.04,"",22,4.3,99,3.1,157,4.6,181,5,3676586,10.8,-243080,-1.9,-17035,-1.9,48,6.3
"1014",39000,5,"238112",58,0,2017,2,"",198,3374,3596,3720,51431127,10229425,844603,1110,"",1.18,0.82,0.85,0.87,0.98,1.11,1.6,1.16,"",14,7.6,204,6.4,334,10.2,299,8.7,1660713,3.3,1378790,15.6,159679,23.3,-56,-4.8
"1015",39000,5,"23812",57,0,2017,2,"",160,2292,2463,2592,33383917,7921038,663444,1049,"",1.04,0.76,0.81,0.84,0.82,1.06,1.56,1.02,"",6,3.9,172,8.1,176,7.7,172,7.1,2092774,6.7,714288,9.9,109503,19.8,-9,-0.9
"1016",39000,5,"238121",58,0,2017,2,"",24,128,122,132,1300987,351732,18667,786,"",0.64,0.28,0.26,0.27,0.23,0.33,0.37,0.86,"",0,0,7,5.8,-6,-4.7,2,1.5,-146245,-10.1,9041,2.6,-1094,-5.5,-95,-10.8
"1017",39000,5,"238122",58,0,2017,2,"",136,2164,2341,2460,32082930,7569306,644777,1063,"",1.16,0.85,0.91,0.94,0.91,1.19,1.73,1.01,"",6,4.6,165,8.3,182,8.4,170,7.4,2239019,7.5,705247,10.3,110597,20.7,-5,-0.5
"1018",39000,5,"23813",57,0,2017,2,"",295,1405,1447,1497,14872895,3414716,199652,789,"",0.89,0.47,0.47,0.47,0.51,0.41,0.6,1.1,"",-3,-1,77,5.8,106,7.9,128,9.3,1459379,10.9,304309,9.8,34374,20.8,22,2.9
"1019",39000,5,"238131",58,0,2017,2,"",242,819,833,851,7303432,1942187,94082,673,"",0.85,0.35,0.34,0.34,0.34,0.3,0.37,1,"",-4,-1.6,24,3,28,3.5,27,3.3,433912,6.3,-87231,-4.3,-741,-0.8,19,2.9
"1020",39000,5,"238132",58,0,2017,2,"",53,586,614,646,7569463,1472529,105570,946,"",1.13,0.88,0.9,0.92,0.97,0.85,1.36,1.08,"",1,1.9,53,9.9,78,14.6,101,18.5,1025467,15.7,391540,36.2,35115,49.8,10,1.1
"1021",39000,5,"23814",57,0,2017,2,"",835,5128,5474,5745,59912783,18417615,1483674,846,"",1.38,0.93,0.96,0.99,1.05,1.22,1.52,1.09,"",-10,-1.2,79,1.6,84,1.6,68,1.2,789077,1.3,-1441176,-7.3,-1497,-0.1,-1,-0.1
"1022",39000,5,"238141",58,0,2017,2,"",612,2212,2373,2481,20856035,8690435,619170,681,"",1.36,0.83,0.85,0.87,0.86,1.18,1.58,1.02,"",-3,-0.5,9,0.4,-10,-0.4,32,1.3,579905,2.9,-998907,-10.3,-24580,-3.8,16,2.4
"1023",39000,5,"238142",58,0,2017,2,"",223,2916,3101,3264,39056748,9727180,864504,971,"",1.43,1.03,1.07,1.11,1.18,1.26,1.48,1.1,"",-7,-3,70,2.5,94,3.1,36,1.1,209172,0.5,-442269,-4.3,23083,2.7,-16,-1.6
"1024",39000,5,"23815",57,0,2017,2,"",189,1775,1838,1872,22850890,2921198,175277,961,"",1.01,0.73,0.75,0.76,0.76,0.57,0.81,1.01,"",5,2.7,32,1.8,81,4.6,84,4.7,1699187,8,78051,2.7,20751,13.4,38,4.1
"1025",39000,5,"238151",58,0,2017,2,"",81,420,431,446,4518601,779592,36559,804,"",0.8,0.52,0.54,0.55,0.54,0.47,0.67,1.01,"",6,8,11,2.7,20,4.9,30,7.2,311237,7.4,63626,8.9,5928,19.4,18,2.3
"1026",39000,5,"238152",58,0,2017,2,"",108,1355,1407,1426,18332289,2141606,138718,1010,"",1.24,0.84,0.86,0.87,0.84,0.62,0.86,0.98,"",-1,-0.9,21,1.6,61,4.5,54,3.9,1387950,8.2,14425,0.7,14823,12,45,4.7
"1027",39000,5,"23816",57,0,2017,2,"",805,6997,7545,7930,84257699,22947051,1644875,865,"",1.23,0.97,1.01,1.04,1.07,1.3,1.79,1.06,"",0,0,-50,-0.7,102,1.4,-46,-0.6,1739914,2.1,-2033684,-8.1,-40284,-2.4,17,2
"1028",39000,5,"238161",58,0,2017,2,"",544,2455,2680,2866,27298351,9287990,620032,787,"",1.11,0.72,0.76,0.79,0.82,1.12,1.83,1.09,"",3,0.6,-120,-4.7,-49,-1.8,22,0.8,1365935,5.3,-325403,-3.4,25579,4.3,53,7.2
"1029",39000,5,"238162",58,0,2017,2,"",261,4542,4865,5064,56959348,13659061,1024843,908,"",1.58,1.2,1.25,1.27,1.25,1.47,1.76,1.01,"",-3,-1.1,70,1.6,151,3.2,-68,-1.3,373979,0.7,-1708281,-11.1,-65863,-6,-4,-0.4
"1030",39000,5,"23817",57,0,2017,2,"",260,1259,1305,1369,14497695,3485253,179168,851,"",1.13,0.94,0.94,0.96,1.11,0.87,1.05,1.18,"",-5,-1.9,-42,-3.2,-50,-3.7,-58,-4.1,446537,3.2,-445802,-11.3,-7860,-4.2,57,7.2
"1031",39000,5,"238171",58,0,2017,2,"",245,1183,1233,1289,13680804,3293725,164985,852,"",1.16,1.04,1.05,1.07,1.31,0.96,1.16,1.24,"",-3,-1.2,11,0.9,7,0.6,1,0.1,1094935,8.7,-182159,-5.2,9389,6,64,8.1
"1032",39000,5,"238172",58,0,2017,2,"",15,76,72,80,816891,191528,14183,827,"",0.84,0.37,0.34,0.37,0.32,0.34,0.5,0.89,"",-2,-11.8,-53,-41.1,-57,-44.2,-59,-42.4,-648398,-44.3,-263643,-57.9,-17249,-54.9,-25,-2.9
"1033",39000,5,"23819",57,0,2017,2,"",113,726,729,803,8980485,2485425,146806,918,"",0.59,0.44,0.43,0.48,0.45,0.64,0.81,1,"",-6,-5,-124,-14.6,-569,-43.8,-685,-46,-13360059,-59.8,-5157700,-67.5,-419145,-74.1,-500,-35.3
"1034",39000,5,"238191",58,0,2017,2,"",50,266,269,262,2737829,769466,44881,793,"",0.52,0.46,0.45,0.43,0.46,0.55,0.76,1.03,"",-1,-2,37,16.2,28,11.6,24,10.1,462255,20.3,30456,4.1,1756,4.1,51,6.9
"1035",39000,5,"238192",58,0,2017,2,"",63,460,460,541,6242656,1715959,101925,986,"",0.67,0.43,0.43,0.5,0.45,0.69,0.84,0.99,"",-5,-7.4,-161,-25.9,-597,-56.5,-709,-56.7,-13822314,-68.9,-5188156,-75.1,-420901,-80.5,-595,-37.6
"1036",39000,5,"2382",56,0,2017,2,"",5888,68313,70066,70726,971601767,122328535,7454867,1072,"",0.98,0.89,0.9,0.9,0.94,0.74,1,1.05,"",70,1.2,2047,3.1,2525,3.7,2402,3.5,35894890,3.8,2639221,2.2,771336,11.5,4,0.4
"1037",39000,5,"23821",57,0,2017,2,"",2274,27037,27620,27858,379010660,48457704,2988897,1060,"",0.9,0.83,0.84,0.83,0.86,0.69,0.93,1.03,"",25,1.1,667,2.5,1074,4,1037,3.9,16602594,4.6,1184218,2.5,350911,13.3,11,1
"1038",39000,5,"238211",58,0,2017,2,"",928,6291,6350,6420,67086072,12510106,464019,812,"",0.64,0.61,0.61,0.6,0.61,0.53,0.6,1,"",18,2,45,0.7,62,1,124,2,2839387,4.4,-378577,-2.9,14204,3.2,25,3.2
"1039",39000,5,"238212",58,0,2017,2,"",1346,20746,21270,21438,311924588,35947598,2524878,1134,"",1.25,0.93,0.94,0.94,0.94,0.76,1.03,1,"",7,0.5,622,3.1,1012,5,913,4.4,13763207,4.6,1562795,4.5,336707,15.4,4,0.4
"1040",39000,5,"23822",57,0,2017,2,"",3237,36219,37359,37694,510065205,65678822,3933415,1058,"",1.03,0.94,0.95,0.94,1.01,0.78,1.06,1.07,"",33,1,1737,5,2141,6.1,2071,5.8,34329015,7.2,5705581,9.5,734121,22.9,16,1.5
"1041",39000,5,"238221",58,0,2017,2,"",2225,14838,15134,15492,166371899,26582164,1000543,844,"",0.97,0.79,0.78,0.79,0.8,0.64,0.72,1.02,"",24,1.1,695,4.9,660,4.6,628,4.2,10895916,7,-777488,-2.8,-19949,-2,19,2.3
"1042",39000,5,"238222",58,0,2017,2,"",1012,21381,22225,22202,343693306,39096658,2932872,1205,"",1.18,1.08,1.1,1.09,1.16,0.91,1.27,1.06,"",9,0.9,1042,5.1,1481,7.1,1443,7,23433099,7.3,6483069,19.9,754070,34.6,10,0.8
"1043",39000,5,"23829",57,0,2017,2,"",377,5057,5087,5174,82525902,8192009,532555,1243,"",1.19,0.97,0.96,0.98,0.98,0.75,0.95,1.01,"",12,3.3,-357,-6.6,-690,-11.9,-706,-12,-15036719,-15.4,-4250578,-34.2,-313696,-37.1,-76,-5.8
"1044",39000,5,"238291",58,0,2017,2,"",45,718,704,693,7834392,957762,21805,855,"",0.7,1.12,1.09,1.08,1.15,0.68,0.48,1.05,"",4,9.8,-131,-15.4,-450,-39,-610,-46.8,-14160260,-64.4,-4807348,-83.4,-412233,-95,-680,-44.3
"1045",39000,5,"238292",58,0,2017,2,"",332,4339,4383,4481,74691510,7234247,510750,1305,"",1.31,0.95,0.94,0.96,0.96,0.76,0.99,1.01,"",8,2.5,-226,-5,-240,-5.2,-96,-2.1,-876459,-1.2,556770,8.3,98537,23.9,38,3
"1046",39000,5,"2383",56,0,2017,2,"",3237,19781,20777,21825,235771915,48881739,2988670,872,"",0.88,0.68,0.7,0.72,0.75,0.69,0.89,1.07,"",-15,-0.5,-604,-3,-233,-1.1,72,0.3,8387123,3.7,-2214964,-4.3,113018,3.9,41,4.9
"1047",39000,5,"23831",57,0,2017,2,"",523,5632,5748,5900,72320433,10663848,734940,966,"",0.87,0.63,0.63,0.64,0.69,0.48,0.64,1.09,"",-2,-0.4,-491,-8,-372,-6.1,-241,-3.9,-255175,-0.4,-1832021,-14.7,-89469,-10.9,55,6
"1048",39000,5,"238311",58,0,2017,2,"",321,1911,1935,1972,23682553,3688952,177432,939,"",0.77,0.49,0.49,0.49,0.62,0.38,0.49,1.26,"",-4,-1.2,-345,-15.3,-304,-13.6,-248,-11.2,-634316,-2.6,-1536159,-29.4,-99697,-36,103,12.3
"1049",39000,5,"238312",58,0,2017,2,"",202,3721,3813,3928,48637880,6974896,557508,979,"",1.07,0.73,0.75,0.76,0.73,0.56,0.71,0.98,"",2,1,-146,-3.8,-68,-1.8,7,0.2,379141,0.8,-295862,-4.1,10228,1.9,25,2.6
"1050",39000,5,"23832",57,0,2017,2,"",1035,4802,5361,5929,57801718,17592895,1234646,829,"",0.91,0.66,0.7,0.74,0.8,0.93,1.29,1.14,"",-7,-0.7,53,1.1,205,4,214,3.7,5046059,9.6,1330795,8.2,175370,16.6,50,6.4
"1051",39000,5,"238321",58,0,2017,2,"",763,2303,2571,2982,20881335,7763313,398053,613,"",0.83,0.54,0.57,0.63,0.58,0.7,0.88,0.99,"",-5,-0.7,-49,-2.1,-21,-0.8,-8,-0.3,352490,1.7,-304334,-3.8,-22712,-5.4,16,2.7
"1052",39000,5,"238322",58,0,2017,2,"",272,2499,2790,2947,36920383,9829582,836593,1034,"",1.28,0.83,0.89,0.9,1.03,1.26,1.66,1.18,"",-2,-0.7,102,4.3,226,8.8,222,8.1,4693569,14.6,1635129,20,198082,31,66,6.8
"1053",39000,5,"23833",57,0,2017,2,"",351,1807,1884,1967,21215350,3971588,208339,865,"",0.72,0.66,0.68,0.69,0.7,0.62,0.8,1.03,"",6,1.7,4,0.2,83,4.6,82,4.4,1278260,6.4,88782,2.3,33330,19,27,3.2
"1054",39000,5,"238331",58,0,2017,2,"",268,1008,1047,1114,10084339,2405361,99638,734,"",0.68,0.57,0.59,0.61,0.59,0.57,0.71,0.99,"",12,4.7,7,0.7,37,3.7,55,5.2,136480,1.4,-37901,-1.6,5026,5.3,-14,-1.9
"1055",39000,5,"238332",58,0,2017,2,"",83,799,837,853,11131011,1566227,108701,1032,"",0.89,0.83,0.85,0.84,0.86,0.71,0.91,1.02,"",-6,-6.7,-3,-0.4,46,5.8,27,3.3,1141780,11.4,126683,8.8,28304,35.2,79,8.3
"1056",39000,5,"23834",57,0,2017,2,"",150,825,846,823,9472462,1733534,97061,876,"",0.51,0.39,0.4,0.38,0.44,0.37,0.53,1.13,"",1,0.7,-35,-4.1,-46,-5.2,-30,-3.5,-390049,-4,-253899,-12.8,-9817,-9.2,2,0.2
"1057",39000,5,"238341",58,0,2017,2,"",117,477,481,457,4719316,1034898,48627,770,"",0.46,0.31,0.31,0.29,0.33,0.31,0.45,1.07,"",-1,-0.8,-8,-1.6,-30,-5.9,-30,-6.2,-241535,-4.9,-195266,-15.9,-1260,-2.5,-2,-0.3
"1058",39000,5,"238342",58,0,2017,2,"",33,348,365,366,4753146,698636,48434,1017,"",0.79,0.6,0.62,0.61,0.66,0.5,0.65,1.09,"",2,6.5,-27,-7.2,-16,-4.2,0,0,-148514,-3,-58633,-7.7,-8557,-15,9,0.9
"1059",39000,5,"23835",57,0,2017,2,"",840,3961,4053,4178,43306732,8180037,358898,820,"",0.96,0.76,0.77,0.78,0.79,0.69,0.77,1.03,"",-11,-1.3,-75,-1.9,-114,-2.7,-42,-1,699118,1.6,-765655,-8.6,-8134,-2.2,29,3.7
"1060",39000,5,"238351",58,0,2017,2,"",715,3071,3153,3250,31872598,6446593,247187,776,"",0.95,0.79,0.8,0.81,0.84,0.72,0.82,1.06,"",-2,-0.3,-54,-1.7,-58,-1.8,-1,0,1527984,5,-559464,-8,2663,1.1,46,6.3
"1061",39000,5,"238352",58,0,2017,2,"",125,890,900,928,11434134,1733444,111711,971,"",1.02,0.68,0.68,0.69,0.68,0.58,0.68,0.99,"",-9,-6.7,-21,-2.3,-56,-5.9,-41,-4.2,-828866,-6.8,-206191,-10.6,-10797,-8.8,-27,-2.7
"1062",39000,5,"23839",57,0,2017,2,"",338,2754,2885,3028,31655220,6739837,354786,843,"",1.25,1,1,1.04,1,1.1,1.1,0.98,"",-2,-0.6,-60,-2.1,11,0.4,89,3,2008910,6.8,-782966,-10.4,11738,3.4,50,6.3
"1063",39000,5,"238391",58,0,2017,2,"",192,1433,1498,1576,15807934,3654189,173874,809,"",1.37,1.37,1.39,1.43,1.45,1.51,1.7,1.04,"",5,2.7,26,1.8,30,2,64,4.2,2045873,14.9,-393008,-9.7,23805,15.9,85,11.7
"1064",39000,5,"238392",58,0,2017,2,"",146,1321,1387,1452,15847286,3085648,180912,879,"",1.12,0.77,0.77,0.8,0.76,0.83,0.82,0.97,"",-7,-4.6,-86,-6.1,-19,-1.4,25,1.8,-36963,-0.2,-389958,-11.2,-12067,-6.3,14,1.6
"1065",39000,5,"2389",56,0,2017,2,"",2698,20666,22507,23555,290069153,76673219,6011100,1003,"",1.14,0.87,0.9,0.91,1,1.16,1.37,1.11,"",34,1.3,1207,6.2,1313,6.2,1473,6.7,28149527,10.7,3485866,4.8,573713,10.6,40,4.2
"1066",39000,5,"23891",57,0,2017,2,"",1453,11591,11773,12146,164314816,32221206,2302482,1068,"",1.33,0.98,0.96,0.96,1.12,0.99,1.13,1.16,"",15,1,1042,9.9,849,7.8,843,7.5,22215617,15.6,2731672,9.3,284727,14.1,68,6.8
"1067",39000,5,"238911",58,0,2017,2,"",807,4411,4586,4792,56179615,13452886,874838,940,"",1.32,1.06,1.05,1.06,1.23,1.11,1.3,1.17,"",18,2.3,211,5,213,4.9,292,6.5,3614792,6.9,873590,6.9,69534,8.6,12,1.3
"1068",39000,5,"238912",58,0,2017,2,"",646,7180,7187,7354,108135201,18768320,1427644,1149,"",1.34,0.94,0.91,0.9,1.07,0.92,1.05,1.16,"",-3,-0.5,831,13.1,636,9.7,551,8.1,18600825,20.8,1858082,11,215193,17.7,100,9.5
"1069",39000,5,"23899",57,0,2017,2,"",1245,9075,10734,11409,125754337,44452013,3708618,930,"",0.97,0.77,0.84,0.87,0.87,1.32,1.58,1.05,"",19,1.5,165,1.9,464,4.5,630,5.8,5933910,5,754194,1.7,288986,8.5,7,0.8
"1070",39000,5,"238991",58,0,2017,2,"",791,3837,4771,5110,44921454,21595955,1799319,756,"",0.94,0.7,0.8,0.82,0.78,1.32,1.62,1.01,"",20,2.6,-46,-1.2,55,1.2,97,1.9,1193680,2.7,-141671,-0.7,109779,6.5,15,2
"1071",39000,5,"238992",58,0,2017,2,"",454,5238,5963,6299,80832883,22856058,1909299,1066,"",1.03,0.82,0.88,0.91,0.93,1.33,1.55,1.07,"",-1,-0.2,211,4.2,409,7.4,533,9.2,4740230,6.2,895865,4.1,179207,10.4,-8,-0.7
"1072",39000,5,"31-33",54,0,2017,2,"",15440,681051,682682,689523,9857718214,781986661,24589690,1108,"",1.48,1.48,1.48,1.48,1.48,0.97,1.07,1,"",-58,-0.4,-2136,-0.3,-1990,-0.3,1882,0.3,100092688,1,-78728624,-9.1,817832,3.4,13,1.2
"1073",39000,5,"311",55,0,2017,2,"",1037,59617,59990,60771,767156355,94256545,2382072,981,"",1.04,1.02,1.02,1.02,1.27,0.74,0.77,1.24,"",-16,-1.5,1157,2,918,1.6,1214,2,30746788,4.2,-4762995,-4.8,339583,16.6,21,2.2
"1074",39000,5,"3111",56,0,2017,2,"",80,2837,2860,2872,40032353,2656873,76754,1078,"",1.18,1.27,1.28,1.27,1.31,0.59,0.89,1.02,"",0,0,20,0.7,2,0.1,-16,-0.6,1220380,3.1,-437972,-14.2,11037,16.8,32,3.1
"1075",39000,5,"31111",57,0,2017,2,"",80,2837,2860,2872,40032353,2656873,76754,1078,"",1.18,1.27,1.28,1.27,1.31,0.59,0.89,1.02,"",0,0,20,0.7,2,0.1,-16,-0.6,1220380,3.1,-437972,-14.2,11037,16.8,32,3.1
"1076",39000,5,"311111",58,0,2017,2,"",12,976,984,982,17368138,488337,12366,1362,"",0.73,1.02,1.02,1.01,1.17,0.29,0.34,1.15,"",-1,-7.7,-76,-7.2,-83,-7.8,-94,-8.7,546010,3.2,-244430,-33.4,1861,17.7,147,12.1
"1077",39000,5,"311119",58,0,2017,2,"",68,1861,1876,1890,22664215,2168536,64388,929,"",1.32,1.46,1.47,1.47,1.43,0.78,1.29,0.97,"",1,1.5,96,5.4,85,4.7,78,4.3,674370,3.1,-193542,-8.2,9176,16.6,-16,-1.7
"1078",39000,5,"3112",56,0,2017,2,"N",37,0,0,0,0,0,0,0,"N",1.24,0,0,0,0,0,0,0,"N",-2,-5.1,0,0,0,0,0,0,0,0,0,0,0,0,0,0
"1079",39000,5,"31121",57,0,2017,2,"",15,515,517,534,7444781,560551,14630,1097,"",1.05,0.69,0.69,0.7,0.7,0.39,0.58,1.02,"N",-2,-11.8,0,0,0,0,0,0,0,0,0,0,0,0,0,0
"1080",39000,5,"311211",58,0,2017,2,"N",14,0,0,0,0,0,0,0,"N",1.44,0,0,0,0,0,0,0,"N",-2,-12.5,0,0,0,0,0,0,0,0,0,0,0,0,0,0
"1081",39000,5,"311213",58,0,2017,2,"N",1,0,0,0,0,0,0,0,"N",0.6,0,0,0,0,0,0,0,"N",0,0,0,0,0,0,0,0,0,0,0,0,0,0,0,0
"1082",39000,5,"31122",57,0,2017,2,"",16,1104,1094,1093,19072612,447340,11156,1337,"",1.34,1.04,1.03,1.02,1.08,0.2,0.3,1.04,"",0,0,-124,-10.1,-123,-10.1,-135,-11,400362,2.1,-164007,-26.8,-3325,-23,164,14
"1083",39000,5,"311221",58,0,2017,2,"N",1,0,0,0,0,0,0,0,"N",0.53,0,0,0,0,0,0,0,"N",0,0,0,0,0,0,0,0,0,0,0,0,0,0,0,0
"1084",39000,5,"311224",58,0,2017,2,"",10,645,641,632,10134662,227959,5653,1219,"",1.71,2.02,2.01,1.98,2.37,0.33,0.54,1.18,"",1,11.1,-114,-15,-107,-14.3,-116,-15.5,-141696,-1.4,-87550,-27.7,-1356,-19.3,167,15.9
"1085",39000,5,"311225",58,0,2017,2,"N",5,0,0,0,0,0,0,0,"N",1.17,0,0,0,0,0,0,0,"N",-1,-16.7,0,0,0,0,0,0,0,0,0,0,0,0,0,0
"1086",39000,5,"31123",57,0,2017,2,"N",6,0,0,0,0,0,0,0,"N",1.68,0,0,0,0,0,0,0,"N",0,0,0,0,0,0,0,0,0,0,0,0,0,0,0,0
"1087",39000,5,"311230",58,0,2017,2,"N",6,0,0,0,0,0,0,0,"N",1.68,0,0,0,0,0,0,0,"N",0,0,0,0,0,0,0,0,0,0,0,0,0,0,0,0
"1088",39000,5,"3113",56,0,2017,2,"",87,2375,2334,2346,19341605,5980750,204294,633,"",1.36,0.88,0.86,0.87,0.66,1.19,1.1,0.76,"N",-1,-1.1,0,0,0,0,0,0,0,0,0,0,0,0,0,0
"1089",39000,5,"31131",57,0,2017,2,"",3,158,156,156,1673015,256099,8874,821,"",0.97,0.36,0.36,0.36,0.27,0.2,0.24,0.76,"N",0,0,0,0,0,0,0,0,0,0,0,0,0,0,0,0
"1090",39000,5,"311313",58,0,2017,2,"N",1,0,0,0,0,0,0,0,"N",0.95,0,0,0,0,0,0,0,"N",0,0,0,0,0,0,0,0,0,0,0,0,0,0,0,0
"1091",39000,5,"311314",58,0,2017,2,"N",2,0,0,0,0,0,0,0,"N",0.97,0,0,0,0,0,0,0,"N",0,0,0,0,0,0,0,0,0,0,0,0,0,0,0,0
"1092",39000,5,"31134",57,0,2017,2,"",31,936,987,1035,8530846,1685759,38333,666,"",1.71,1.22,1.26,1.3,1.01,1.24,0.8,0.8,"",-1,-3.1,83,9.7,123,14.2,142,15.9,970176,12.8,-103602,-5.8,59,0.2,-2,-0.3
"1093",39000,5,"311340",58,0,2017,2,"",31,936,987,1035,8530846,1685759,38333,666,"",1.71,1.22,1.26,1.3,1.01,1.24,0.8,0.8,"",-1,-3.1,83,9.7,123,14.2,142,15.9,970176,12.8,-103602,-5.8,59,0.2,-2,-0.3
"1094",39000,5,"31135",57,0,2017,2,"",53,1281,1191,1155,9137744,4038892,157087,581,"",1.24,0.86,0.8,0.78,0.62,1.71,1.57,0.76,"",0,0,178,16.1,99,9.1,86,8,1985955,27.8,1342563,49.8,57895,58.4,75,14.8
"1095",39000,5,"311351",58,0,2017,2,"",9,53,52,49,584347,97554,3004,876,"",1.24,0.16,0.16,0.15,0.14,0.24,0.19,0.88,"",0,0,18,51.4,15,40.5,11,28.9,100667,20.8,34157,53.9,1479,97,-139,-13.7
"1096",39000,5,"311352",58,0,2017,2,"",44,1228,1139,1106,8553397,3941338,154083,568,"",1.24,1.06,0.99,0.97,0.82,2.01,1.82,0.82,"",0,0,160,15,84,8,75,7.3,1885288,28.3,1308406,49.7,56416,57.8,80,16.4
"1097",39000,5,"3114",56,0,2017,2,"",74,11298,11296,11562,184265554,12550130,398604,1245,"",1.08,1.85,1.81,1.76,2.72,0.84,0.69,1.51,"",-1,-1.3,757,7.2,699,6.6,964,9.1,3595691,2,343670,2.8,136017,51.8,-69,-5.3
"1098",39000,5,"31141",57,0,2017,2,"",23,5634,5607,5668,64623559,7121401,184210,882,"",0.89,1.72,1.71,1.66,1.94,0.79,0.6,1.15,"",-1,-4.2,24,0.4,3,0.1,151,2.7,5436862,9.2,109282,1.6,44702,32,66,8.1
"1099",39000,5,"311411",58,0,2017,2,"N",2,0,0,0,0,0,0,0,"N",0.25,0,0,0,0,0,0,0,"N",-1,-33.3,0,0,0,0,0,0,0,0,0,0,0,0,0,0
"1100",39000,5,"311412",58,0,2017,2,"N",21,0,0,0,0,0,0,0,"N",1.18,0,0,0,0,0,0,0,"N",0,0,0,0,0,0,0,0,0,0,0,0,0,0,0,0
"1101",39000,5,"31142",57,0,2017,2,"",51,5664,5689,5894,119641995,5428729,214394,1601,"",1.19,2,1.91,1.86,3.48,0.93,0.8,1.81,"",0,0,733,14.9,696,13.9,813,16,-1841171,-1.5,234388,4.5,91315,74.2,-267,-14.3
"1102",39000,5,"311421",58,0,2017,2,"",45,3524,3543,3640,88771991,3999902,121526,1913,"",1.38,1.75,1.65,1.57,3.56,1.06,0.63,2.15,"",2,4.7,248,7.6,224,6.7,275,8.2,-9111584,-9.3,-278074,-6.5,48407,66.2,-355,-15.7
"1103",39000,5,"311422",58,0,2017,2,"",6,2140,2146,2254,30870004,1428827,92868,1089,"",1.79,5.29,5.28,5.48,5.96,2.15,3.05,1.11,"",-2,-25,485,29.3,472,28.2,538,31.4,7270413,30.8,512462,55.9,42908,85.9,10,0.9
"1104",39000,5,"3115",56,0,2017,2,"",66,7304,7360,7503,131056189,11106704,255200,1364,"",1.02,1.36,1.36,1.37,1.91,1.08,1.06,1.4,"",-2,-2.9,193,2.7,115,1.6,146,2,10656027,8.9,-380180,-3.3,36526,16.7,84,6.6
"1105",39000,5,"31151",57,0,2017,2,"",47,6275,6314,6417,117195445,6349401,188852,1423,"",1.01,1.37,1.37,1.38,1.94,0.75,1.07,1.41,"",-3,-6,199,3.3,132,2.1,149,2.4,9029194,8.3,-461190,-6.8,9763,5.5,76,5.6
"1106",39000,5,"311511",58,0,2017,2,"",20,2903,2915,3008,39242830,3708901,124065,1026,"",1.06,1.42,1.41,1.45,1.42,1.12,1.73,1,"",-1,-4.8,155,5.6,150,5.4,151,5.3,5293794,15.6,75856,2.1,15054,13.8,90,9.6
"1107",39000,5,"311512",58,0,2017,2,"N",2,0,0,0,0,0,0,0,"N",1.44,0,0,0,0,0,0,0,"N",-1,-33.3,0,0,0,0,0,0,0,0,0,0,0,0,0,0
"1108",39000,5,"311513",58,0,2017,2,"N",17,0,0,0,0,0,0,0,"N",0.86,0,0,0,0,0,0,0,"N",-1,-5.6,0,0,0,0,0,0,0,0,0,0,0,0,0,0
"1109",39000,5,"311514",58,0,2017,2,"",8,2276,2316,2300,63789745,1155872,26682,2136,"",1.19,3.53,3.58,3.51,6.01,1.43,1.3,1.7,"",0,0,40,1.8,15,0.7,0,0,2849828,4.7,-305434,-20.9,-8323,-23.8,79,3.8
"1110",39000,5,"31152",57,0,2017,2,"",19,1029,1046,1086,13860744,4757303,66348,1012,"",1.05,1.29,1.27,1.3,1.65,2.66,1.05,1.28,"",1,5.6,-6,-0.6,-17,-1.6,-3,-0.3,1626833,13.3,81010,1.7,26763,67.6,126,14.2
"1111",39000,5,"311520",58,0,2017,2,"",19,1029,1046,1086,13860744,4757303,66348,1012,"",1.05,1.29,1.27,1.3,1.65,2.66,1.05,1.28,"",1,5.6,-6,-0.6,-17,-1.6,-3,-0.3,1626833,13.3,81010,1.7,26763,67.6,126,14.2
"1112",39000,5,"3116",56,0,2017,2,"",142,11439,11487,11552,114873456,20284632,475954,769,"",1.16,0.61,0.61,0.61,0.7,0.45,0.62,1.15,"",-7,-4.7,185,1.6,176,1.6,41,0.4,4648280,4.2,-2620953,-11.4,35927,8.2,23,3.1
"1113",39000,5,"31161",57,0,2017,2,"",142,11439,11487,11552,114873456,20284632,475954,769,"",1.16,0.61,0.61,0.61,0.7,0.45,0.62,1.15,"",-7,-4.7,185,1.6,176,1.6,41,0.4,4648280,4.2,-2620953,-11.4,35927,8.2,23,3.1
"1114",39000,5,"311611",58,0,2017,2,"",53,1097,1097,1104,9982735,2216659,39024,699,"",1.17,0.21,0.21,0.22,0.21,0.17,0.18,0.97,"",-3,-5.4,17,1.6,22,2,14,1.3,839807,9.2,-163099,-6.9,10072,34.8,49,7.5
"1115",39000,5,"311612",58,0,2017,2,"",65,7153,7168,7205,78009948,11293492,302205,836,"",1.34,1.53,1.53,1.52,1.67,1,1.22,1.09,"",-5,-7.1,87,1.2,58,0.8,-40,-0.6,2960413,3.9,-1026877,-8.3,29982,11,27,3.3
"1116",39000,5,"311613",58,0,2017,2,"",11,201,204,194,2804873,169013,3478,1081,"",1.72,0.62,0.62,0.59,0.68,0.25,0.25,1.11,"",1,10,-4,-2,-7,-3.3,-16,-7.6,-144297,-4.9,-49180,-22.5,-1419,-29,-6,-0.6
"1117",39000,5,"311615",58,0,2017,2,"",13,2988,3018,3049,24075900,6605468,131247,614,"",0.6,0.34,0.34,0.35,0.37,0.33,0.44,1.06,"",0,0,85,2.9,103,3.5,83,2.8,992357,4.3,-1381797,-17.3,-2708,-2,8,1.3
"1118",39000,5,"3117",56,0,2017,2,"N",1,0,0,0,0,0,0,0,"N",0.04,0,0,0,0,0,0,0,"N",0,0,0,0,0,0,0,0,0,0,0,0,0,0,0,0
"1119",39000,5,"31171",57,0,2017,2,"N",1,0,0,0,0,0,0,0,"N",0.04,0,0,0,0,0,0,0,"N",0,0,0,0,0,0,0,0,0,0,0,0,0,0,0,0
"1120",39000,5,"311710",58,0,2017,2,"N",1,0,0,0,0,0,0,0,"N",0.04,0,0,0,0,0,0,0,"N",0,0,0,0,0,0,0,0,0,0,0,0,0,0,0,0
"1121",39000,5,"3118",56,0,2017,2,"",424,12118,12209,12305,120356588,22634173,502372,758,"",1.05,1.05,1.05,1.05,1.21,1.01,0.88,1.15,"",-6,-1.4,147,1.2,-13,-0.1,72,0.6,4329819,3.7,-764494,-3.3,81909,19.5,23,3.1
"1122",39000,5,"31181",57,0,2017,2,"",375,7642,7700,7693,68523430,16083173,294649,686,"",1.05,0.88,0.88,0.87,0.99,0.94,0.68,1.13,"",-4,-1.1,19,0.2,-94,-1.2,-165,-2.1,890714,1.3,-359870,-2.2,65495,28.6,15,2.2
"1123",39000,5,"311811",58,0,2017,2,"",187,2279,2308,2293,11519353,5631377,97235,386,"",0.81,0.72,0.72,0.71,0.72,0.93,0.69,1,"",-4,-2.1,39,1.7,16,0.7,10,0.4,821299,7.7,-34950,-0.6,28440,41.3,24,6.6
"1124",39000,5,"311812",58,0,2017,2,"",184,4799,4826,4842,50256291,9788502,186488,802,"",1.56,0.95,0.95,0.95,1.03,0.97,0.72,1.09,"",1,0.5,-69,-1.4,-169,-3.4,-218,-4.3,-192658,-0.4,-474540,-4.6,30921,19.9,22,2.8
"1125",39000,5,"311813",58,0,2017,2,"",4,564,566,558,6747786,663294,10926,923,"",0.55,1.15,1.15,1.12,1.5,0.71,0.39,1.32,"",-1,-20,49,9.5,59,11.6,43,8.3,262073,4,149620,29.1,6134,128,-51,-5.2
"1126",39000,5,"31182",57,0,2017,2,"",46,4446,4480,4582,51663789,6457347,205935,883,"",1.45,2.11,2.11,2.15,2.15,1.57,1.77,1.01,"",-2,-4.2,125,2.9,79,1.8,235,5.4,3413870,7.1,-420195,-6.1,15421,8.1,31,3.6
"1127",39000,5,"311821",58,0,2017,2,"",20,3303,3334,3425,37856633,4642570,165350,868,"",1.14,2.6,2.61,2.66,2.69,1.91,2.15,1.03,"",-1,-4.8,138,4.4,91,2.8,228,7.1,3714713,10.9,-123469,-2.6,24622,17.5,48,5.9
"1128",39000,5,"311824",58,0,2017,2,"",26,1143,1146,1157,13807156,1814777,40585,925,"",1.83,1.37,1.37,1.38,1.39,1.08,1.03,1.01,"",-1,-3.7,-13,-1.1,-12,-1,7,0.6,-300843,-2.1,-296726,-14.1,-9201,-18.5,-15,-1.6
"1129",39000,5,"31183",57,0,2017,2,"",3,30,29,30,169369,93653,1788,439,"",0.21,0.04,0.04,0.04,0.03,0.08,0.07,0.67,"",0,0,3,11.1,2,7.4,2,7.1,25235,17.5,15571,19.9,993,124.9,33,8.1
"1130",39000,5,"311830",58,0,2017,2,"",3,30,29,30,169369,93653,1788,439,"",0.21,0.04,0.04,0.04,0.03,0.08,0.07,0.67,"",0,0,3,11.1,2,7.4,2,7.1,25235,17.5,15571,19.9,993,124.9,33,8.1
"1131",39000,5,"3119",56,0,2017,2,"",126,10045,10251,10426,119813059,17626961,429699,900,"",0.81,1.25,1.27,1.28,1.25,1.13,1.09,0.99,"",3,2.4,-311,-3,-208,-2,-99,-0.9,1657650,1.4,-1902925,-9.7,-26636,-5.8,30,3.4
"1132",39000,5,"31191",57,0,2017,2,"",38,3603,3643,3689,37918817,5459318,120323,800,"",1.59,1.72,1.73,1.74,1.66,1.59,1.28,0.96,"",-1,-2.6,19,0.5,17,0.5,16,0.4,186822,0.5,-1334412,-19.6,-12255,-9.2,0,0
"1133",39000,5,"311911",58,0,2017,2,"",10,986,1015,1036,12068715,2070131,45583,917,"",1.3,1.73,1.77,1.82,2,2.19,1.58,1.12,"",-1,-9.1,2,0.2,11,1.1,19,1.9,1588728,15.2,-506938,-19.7,-173,-0.4,112,13.9
"1134",39000,5,"311919",58,0,2017,2,"",28,2617,2628,2653,25850102,3389187,74740,755,"",1.73,1.72,1.72,1.71,1.54,1.36,1.15,0.9,"",0,0,17,0.7,6,0.2,-3,-0.1,-1401906,-5.1,-827474,-19.6,-12082,-13.9,-43,-5.4
"1135",39000,5,"31192",57,0,2017,2,"",13,131,133,130,1516949,186418,4840,888,"",0.47,0.16,0.16,0.16,0.16,0.1,0.1,1.01,"",3,30,29,28.4,31,30.4,19,17.1,166473,12.3,49941,36.6,168,3.6,-101,-10.2
"1136",39000,5,"311920",58,0,2017,2,"",13,131,133,130,1516949,186418,4840,888,"",0.47,0.16,0.16,0.16,0.16,0.1,0.1,1.01,"",3,30,29,28.4,31,30.4,19,17.1,166473,12.3,49941,36.6,168,3.6,-101,-10.2
"1137",39000,5,"31193",57,0,2017,2,"",6,526,524,526,11390880,286544,8984,1668,"",0.87,1.21,1.2,1.2,0.85,0.79,0.95,0.71,"",0,0,8,1.5,-5,-0.9,-8,-1.5,81776,0.7,-65839,-18.7,597,7.1,17,1
"1138",39000,5,"311930",58,0,2017,2,"",6,526,524,526,11390880,286544,8984,1668,"",0.87,1.21,1.2,1.2,0.85,0.79,0.95,0.71,"",0,0,8,1.5,-5,-0.9,-8,-1.5,81776,0.7,-65839,-18.7,597,7.1,17,1
"1139",39000,5,"31194",57,0,2017,2,"",29,2207,2272,2300,36093955,3481202,68358,1229,"",1.04,1.48,1.5,1.51,1.81,1.33,1.04,1.21,"",3,11.5,52,2.4,56,2.5,91,4.1,4156938,13,647089,22.8,28627,72.1,109,9.7
"1140",39000,5,"311941",58,0,2017,2,"",13,1006,1003,1022,17185123,2442495,34002,1308,"",1.17,1.67,1.64,1.66,2.29,2.68,1.22,1.38,"",1,8.3,37,3.8,6,0.6,27,2.7,2771639,19.2,458545,23.1,17452,105.5,185,16.5
"1141",39000,5,"311942",58,0,2017,2,"",16,1201,1269,1278,18908832,1038707,34356,1164,"",0.96,1.35,1.41,1.41,1.52,0.61,0.91,1.1,"",2,14.3,15,1.3,50,4.1,64,5.3,1385299,7.9,188544,22.2,11175,48.2,47,4.2
"1142",39000,5,"31199",57,0,2017,2,"",40,3578,3679,3781,32892458,8213479,227194,688,"",0.57,1.12,1.15,1.18,1.08,1.12,1.27,0.94,"",-2,-4.8,-419,-10.5,-307,-7.7,-217,-5.4,-2934359,-8.2,-1199704,-12.7,-43773,-16.2,-2,-0.3
"1143",39000,5,"311991",58,0,2017,2,"",20,3308,3411,3518,29714851,7806445,215922,670,"",0.54,1.71,1.75,1.79,1.87,1.87,2.04,1.06,"",-3,-13,-407,-11,-300,-8.1,-202,-5.4,-3161281,-9.6,-1158924,-12.9,-41257,-16,-11,-1.6
"1144",39000,5,"311999",58,0,2017,2,"",20,270,268,263,3177607,407034,11272,915,"",0.61,0.22,0.21,0.21,0.22,0.13,0.16,1.04,"",1,5.3,-12,-4.3,-7,-2.5,-15,-5.4,226922,7.7,-40780,-9.1,-2516,-18.2,100,12.3
"1145",39000,5,"312",55,0,2017,2,"",249,8888,9179,9559,108516333,18393821,481319,906,"",0.76,0.93,0.93,0.95,0.98,1.13,0.99,1.04,"",32,14.7,696,8.5,666,7.8,708,8,6716888,6.6,7035662,61.9,269506,127.2,-13,-1.4
"1146",39000,5,"3121",56,0,2017,2,"",249,8888,9179,9559,108516333,18393821,481319,906,"",0.78,0.98,0.98,0.99,1.04,1.17,1.03,1.06,"",32,14.7,696,8.5,666,7.8,708,8,6716888,6.6,7035662,61.9,269506,127.2,-13,-1.4
"1147",39000,5,"31211",57,0,2017,2,"",54,5221,5402,5630,65499492,12474259,311124,930,"",0.87,1.34,1.36,1.39,1.39,1.7,1.52,1.02,"",2,3.8,142,2.8,130,2.5,105,1.9,4802307,7.9,5958522,91.4,206027,196,48,5.4
"1148",39000,5,"312111",58,0,2017,2,"",35,4685,4718,4773,60069960,10781501,269767,978,"",1.17,1.54,1.53,1.55,1.6,1.89,1.89,1.04,"",2,6.1,114,2.5,71,1.5,98,2.1,4473407,8,5903737,121,200592,290,55,6
"1149",39000,5,"312112",58,0,2017,2,"",10,149,160,171,1485230,334324,8209,714,"",0.61,0.25,0.27,0.28,0.21,0.33,0.25,0.77,"",0,0,1,0.7,13,8.8,17,11,143296,10.7,2041,0.6,-622,-7,24,3.5
"1150",39000,5,"312113",58,0,2017,2,"",9,387,524,686,3944302,1358434,33148,570,"",0.57,1.54,1.76,1.93,1.76,2.18,1.13,1,"",0,0,27,7.5,46,9.6,-10,-1.4,185604,4.9,52744,4,6057,22.4,5,0.9
"1151",39000,5,"31212",57,0,2017,2,"",106,2714,2735,2783,38140677,3965653,114649,1069,"",1.02,1.11,1.08,1.07,1.47,0.88,0.97,1.35,"",22,26.2,372,15.9,344,14.4,342,14,963378,2.6,569970,16.8,42794,59.6,-127,-10.6
"1152",39000,5,"312120",58,0,2017,2,"",106,2714,2735,2783,38140677,3965653,114649,1069,"",1.02,1.11,1.08,1.07,1.47,0.88,0.97,1.35,"",22,26.2,372,15.9,344,14.4,342,14,963378,2.6,569970,16.8,42794,59.6,-127,-10.6
"1153",39000,5,"31213",57,0,2017,2,"",77,802,892,991,3430385,1656702,47542,295,"",0.59,0.35,0.37,0.4,0.15,0.51,0.38,0.4,"",6,8.5,137,20.6,151,20.4,204,25.9,639379,22.9,344192,26.2,15754,49.6,1,0.3
"1154",39000,5,"312130",58,0,2017,2,"",77,802,892,991,3430385,1656702,47542,295,"",0.59,0.35,0.37,0.4,0.15,0.51,0.38,0.4,"",6,8.5,137,20.6,151,20.4,204,25.9,639379,22.9,344192,26.2,15754,49.6,1,0.3
"1155",39000,5,"31214",57,0,2017,2,"",12,151,150,155,1445779,297207,8004,732,"",0.5,0.3,0.3,0.3,0.18,0.48,0.44,0.59,"",2,20,45,42.5,41,37.6,57,58.2,311824,27.5,162978,121.4,4931,160.5,-104,-12.4
"1156",39000,5,"312140",58,0,2017,2,"",12,151,150,155,1445779,297207,8004,732,"",0.5,0.3,0.3,0.3,0.18,0.48,0.44,0.59,"",2,20,45,42.5,41,37.6,57,58.2,311824,27.5,162978,121.4,4931,160.5,-104,-12.4
"1157",39000,5,"313",55,0,2017,2,"",57,1832,1821,1826,24709862,2050488,64966,1041,"",0.69,0.44,0.43,0.43,0.58,0.22,0.21,1.34,"",4,7.5,44,2.5,31,1.7,19,1.1,-411858,-1.6,-288034,-12.3,7289,12.6,-36,-3.3
"1158",39000,5,"3131",56,0,2017,2,"N",2,0,0,0,0,0,0,0,"N",0.17,0,0,0,0,0,0,0,"N",-1,-33.3,0,0,0,0,0,0,0,0,0,0,0,0,0,0
"1159",39000,5,"31311",57,0,2017,2,"N",2,0,0,0,0,0,0,0,"N",0.17,0,0,0,0,0,0,0,"N",-1,-33.3,0,0,0,0,0,0,0,0,0,0,0,0,0,0
"1160",39000,5,"313110",58,0,2017,2,"N",2,0,0,0,0,0,0,0,"N",0.17,0,0,0,0,0,0,0,"N",-1,-33.3,0,0,0,0,0,0,0,0,0,0,0,0,0,0
"1161",39000,5,"3132",56,0,2017,2,"",30,979,971,967,11046909,1281975,47174,874,"",0.9,0.49,0.49,0.49,0.53,0.28,0.33,1.08,"",6,25,20,2.1,18,1.9,5,0.5,17291,0.2,-57168,-4.3,8138,20.8,-12,-1.4
"1162",39000,5,"31321",57,0,2017,2,"",9,244,249,251,2739227,444750,17829,850,"",0.7,0.25,0.25,0.25,0.28,0.2,0.24,1.1,"",0,0,-25,-9.3,-19,-7.1,-20,-7.4,-231512,-7.8,-107702,-19.5,-1743,-8.9,2,0.2
"1163",39000,5,"313210",58,0,2017,2,"",9,244,249,251,2739227,444750,17829,850,"",0.7,0.25,0.25,0.25,0.28,0.2,0.24,1.1,"",0,0,-25,-9.3,-19,-7.1,-20,-7.4,-231512,-7.8,-107702,-19.5,-1743,-8.9,2,0.2
"1164",39000,5,"31322",57,0,2017,2,"",12,269,265,273,2732656,311104,12037,781,"",1.57,1.1,1.08,1.11,1.19,0.48,0.63,1.09,"",5,71.4,18,7.2,17,6.9,20,7.9,-207643,-7.1,77838,33.4,8239,216.9,-121,-13.4
"1165",39000,5,"313220",58,0,2017,2,"",12,269,265,273,2732656,311104,12037,781,"",1.57,1.1,1.08,1.11,1.19,0.48,0.63,1.09,"",5,71.4,18,7.2,17,6.9,20,7.9,-207643,-7.1,77838,33.4,8239,216.9,-121,-13.4
"1166",39000,5,"31323",57,0,2017,2,"",9,466,457,443,5575026,526121,17308,942,"",1.14,0.87,0.86,0.84,0.84,0.52,0.72,0.98,"",1,12.5,27,6.2,20,4.6,5,1.1,456446,8.9,-27304,-4.9,1642,10.5,43,4.8
"1167",39000,5,"313230",58,0,2017,2,"",9,466,457,443,5575026,526121,17308,942,"",1.14,0.87,0.86,0.84,0.84,0.52,0.72,0.98,"",1,12.5,27,6.2,20,4.6,5,1.1,456446,8.9,-27304,-4.9,1642,10.5,43,4.8
"1168",39000,5,"3133",56,0,2017,2,"N",25,0,0,0,0,0,0,0,"N",0.67,0,0,0,0,0,0,0,"N",-1,-3.8,0,0,0,0,0,0,0,0,0,0,0,0,0,0
"1169",39000,5,"31331",57,0,2017,2,"",15,517,512,509,8926742,402477,8202,1339,"",0.48,0.6,0.59,0.58,1.04,0.21,0.12,1.76,"",-1,-6.2,15,3,4,0.8,-2,-0.4,-572120,-6,-195838,-32.7,-1769,-17.7,-102,-7.1
"1170",39000,5,"313310",58,0,2017,2,"",15,517,512,509,8926742,402477,8202,1339,"",0.48,0.6,0.59,0.58,1.04,0.21,0.12,1.76,"",-1,-6.2,15,3,4,0.8,-2,-0.4,-572120,-6,-195838,-32.7,-1769,-17.7,-102,-7.1
"1171",39000,5,"31332",57,0,2017,2,"N",10,0,0,0,0,0,0,0,"N",1.72,0,0,0,0,0,0,0,"N",0,0,0,0,0,0,0,0,0,0,0,0,0,0,0,0
"1172",39000,5,"313320",58,0,2017,2,"N",10,0,0,0,0,0,0,0,"N",1.72,0,0,0,0,0,0,0,"N",0,0,0,0,0,0,0,0,0,0,0,0,0,0,0,0
"1173",39000,5,"314",55,0,2017,2,"",210,2463,2497,2459,23194308,5027205,156688,721,"",1.06,0.57,0.58,0.57,0.6,0.61,0.55,1.04,"",-12,-5.4,-69,-2.7,-85,-3.3,-112,-4.4,559328,2.5,-544334,-9.8,-904,-0.6,41,6
"1174",39000,5,"3141",56,0,2017,2,"",33,754,766,709,7278595,1332081,38800,754,"",0.6,0.39,0.4,0.37,0.4,0.44,0.3,1.04,"",-4,-10.8,45,6.3,38,5.2,-34,-4.6,479972,7.1,-71389,-5.1,-3178,-7.6,34,4.7
"1175",39000,5,"31411",57,0,2017,2,"N",1,0,0,0,0,0,0,0,"N",0.09,0,0,0,0,0,0,0,"N",0,0,0,0,0,0,0,0,0,0,0,0,0,0,0,0
"1176",39000,5,"314110",58,0,2017,2,"N",1,0,0,0,0,0,0,0,"N",0.09,0,0,0,0,0,0,0,"N",0,0,0,0,0,0,0,0,0,0,0,0,0,0,0,0
"1177",39000,5,"31412",57,0,2017,2,"N",32,0,0,0,0,0,0,0,"N",0.74,0,0,0,0,0,0,0,"N",-4,-11.1,0,0,0,0,0,0,0,0,0,0,0,0,0,0
"1178",39000,5,"314120",58,0,2017,2,"N",32,0,0,0,0,0,0,0,"N",0.74,0,0,0,0,0,0,0,"N",-4,-11.1,0,0,0,0,0,0,0,0,0,0,0,0,0,0
"1179",39000,5,"3149",56,0,2017,2,"",177,1709,1731,1750,15915713,3695124,117888,708,"",1.23,0.73,0.73,0.73,0.77,0.71,0.75,1.06,"",-8,-4.3,-114,-6.3,-123,-6.6,-78,-4.3,79356,0.5,-472945,-11.3,2274,2,44,6.6
"1180",39000,5,"31491",57,0,2017,2,"",69,795,811,843,9412826,1705746,58355,887,"",1.3,0.87,0.88,0.9,1.13,0.81,0.85,1.29,"",-2,-2.8,10,1.3,1,0.1,9,1.1,1287870,15.9,-134687,-7.3,4935,9.2,115,14.9
"1181",39000,5,"314910",58,0,2017,2,"",69,795,811,843,9412826,1705746,58355,887,"",1.3,0.87,0.88,0.9,1.13,0.81,0.85,1.29,"",-2,-2.8,10,1.3,1,0.1,9,1.1,1287870,15.9,-134687,-7.3,4935,9.2,115,14.9
"1182",39000,5,"31499",57,0,2017,2,"",108,914,920,907,6502887,1989378,59533,547,"",1.2,0.63,0.63,0.62,0.53,0.64,0.67,0.83,"",-6,-5.3,-124,-11.9,-124,-11.9,-87,-8.8,-1208514,-15.7,-338258,-14.5,-2661,-4.3,-32,-5.5
"1183",39000,5,"314994",58,0,2017,2,"N",1,0,0,0,0,0,0,0,"N",0.19,0,0,0,0,0,0,0,"N",0,0,0,0,0,0,0,0,0,0,0,0,0,0,0,0
"1184",39000,5,"314999",58,0,2017,2,"N",107,0,0,0,0,0,0,0,"N",1.26,0,0,0,0,0,0,0,"N",-6,-5.3,0,0,0,0,0,0,0,0,0,0,0,0,0,0
"1185",39000,5,"315",55,0,2017,2,"",79,1646,1672,1664,14603007,3244378,78665,676,"",0.39,0.36,0.37,0.37,0.36,0.41,0.26,0.98,"",-3,-3.7,-57,-3.3,-56,-3.2,-35,-2.1,-238975,-1.6,-759853,-19,-2190,-2.7,8,1.2
"1186",39000,5,"3151",56,0,2017,2,"N",1,0,0,0,0,0,0,0,"N",0.12,0,0,0,0,0,0,0,"N",0,0,0,0,0,0,0,0,0,0,0,0,0,0,0,0
"1187",39000,5,"31511",57,0,2017,2,"N",1,0,0,0,0,0,0,0,"N",0.23,0,0,0,0,0,0,0,"N",0,0,0,0,0,0,0,0,0,0,0,0,0,0,0,0
"1188",39000,5,"315110",58,0,2017,2,"N",1,0,0,0,0,0,0,0,"N",0.23,0,0,0,0,0,0,0,"N",0,0,0,0,0,0,0,0,0,0,0,0,0,0,0,0
"1189",39000,5,"3152",56,0,2017,2,"",68,1569,1598,1589,13954323,3092951,73470,677,"",0.4,0.43,0.44,0.44,0.42,0.52,0.29,0.96,"",0,0,-40,-2.5,-28,-1.7,-8,-0.5,-160551,-1.1,-680288,-18,-2559,-3.4,3,0.4
"1190",39000,5,"31521",57,0,2017,2,"",23,109,111,111,846453,271868,4455,590,"",0.25,0.08,0.08,0.08,0.09,0.12,0.04,1.07,"",2,9.5,-19,-14.8,-16,-12.6,-9,-7.5,-124427,-12.8,-61436,-18.4,-4135,-48.1,-7,-1.2
"1191",39000,5,"315210",58,0,2017,2,"",23,109,111,111,846453,271868,4455,590,"",0.25,0.08,0.08,0.08,0.09,0.12,0.04,1.07,"",2,9.5,-19,-14.8,-16,-12.6,-9,-7.5,-124427,-12.8,-61436,-18.4,-4135,-48.1,-7,-1.2
"1192",39000,5,"31522",57,0,2017,2,"",20,1087,1099,1086,10420311,1587595,40244,735,"",0.88,1.16,1.18,1.17,1.15,0.92,0.64,0.98,"",1,5.3,4,0.4,17,1.6,20,1.9,-16665,-0.2,-633372,-28.5,-975,-2.4,-10,-1.3
"1193",39000,5,"315220",58,0,2017,2,"",20,1087,1099,1086,10420311,1587595,40244,735,"",0.88,1.16,1.18,1.17,1.15,0.92,0.64,0.98,"",1,5.3,4,0.4,17,1.6,20,1.9,-16665,-0.2,-633372,-28.5,-975,-2.4,-10,-1.3
"1194",39000,5,"31524",57,0,2017,2,"",8,60,67,66,327986,163555,4234,392,"",0.21,0.07,0.08,0.08,0.03,0.16,0.09,0.42,"",-3,-27.3,-13,-17.8,-4,-5.6,-4,-5.7,-31907,-8.9,-37789,-18.8,75,1.8,4,1
"1195",39000,5,"315240",58,0,2017,2,"",8,60,67,66,327986,163555,4234,392,"",0.21,0.07,0.08,0.08,0.03,0.16,0.09,0.42,"",-3,-27.3,-13,-17.8,-4,-5.6,-4,-5.7,-31907,-8.9,-37789,-18.8,75,1.8,4,1
"1196",39000,5,"31528",57,0,2017,2,"",17,313,321,326,2359573,1069933,24537,567,"",0.91,0.63,0.65,0.67,0.54,1.15,0.59,0.83,"",0,0,-12,-3.7,-25,-7.2,-15,-4.4,12448,0.5,52309,5.1,2476,11.2,32,6
"1197",39000,5,"315280",58,0,2017,2,"",17,313,321,326,2359573,1069933,24537,567,"",0.91,0.63,0.65,0.67,0.54,1.15,0.59,0.83,"",0,0,-12,-3.7,-25,-7.2,-15,-4.4,12448,0.5,52309,5.1,2476,11.2,32,6
"1198",39000,5,"3159",56,0,2017,2,"N",10,0,0,0,0,0,0,0,"N",0.44,0,0,0,0,0,0,0,"N",-3,-23.1,0,0,0,0,0,0,0,0,0,0,0,0,0,0
"1199",39000,5,"31599",57,0,2017,2,"N",10,0,0,0,0,0,0,0,"N",0.44,0,0,0,0,0,0,0,"N",-3,-23.1,0,0,0,0,0,0,0,0,0,0,0,0,0,0
"1200",39000,5,"315990",58,0,2017,2,"N",10,0,0,0,0,0,0,0,"N",0.44,0,0,0,0,0,0,0,"N",-3,-23.1,0,0,0,0,0,0,0,0,0,0,0,0,0,0
"1201",39000,5,"316",55,0,2017,2,"",36,989,977,979,9229425,3023596,53488,723,"",0.88,0.94,0.92,0.93,0.96,1.4,0.75,1.04,"",-4,-10,-61,-5.8,-51,-5,-80,-7.6,691360,8.1,-144020,-4.5,14864,38.5,95,15.1
"1202",39000,5,"3161",56,0,2017,2,"N",6,0,0,0,0,0,0,0,"N",0.84,0,0,0,0,0,0,0,"N",0,0,0,0,0,0,0,0,0,0,0,0,0,0,0,0
"1203",39000,5,"31611",57,0,2017,2,"N",6,0,0,0,0,0,0,0,"N",0.84,0,0,0,0,0,0,0,"N",0,0,0,0,0,0,0,0,0,0,0,0,0,0,0,0
"1204",39000,5,"316110",58,0,2017,2,"N",6,0,0,0,0,0,0,0,"N",0.84,0,0,0,0,0,0,0,"N",0,0,0,0,0,0,0,0,0,0,0,0,0,0,0,0
"1205",39000,5,"3162",56,0,2017,2,"N",3,0,0,0,0,0,0,0,"N",0.36,0,0,0,0,0,0,0,"N",0,0,0,0,0,0,0,0,0,0,0,0,0,0,0,0
"1206",39000,5,"31621",57,0,2017,2,"N",3,0,0,0,0,0,0,0,"N",0.36,0,0,0,0,0,0,0,"N",0,0,0,0,0,0,0,0,0,0,0,0,0,0,0,0
"1207",39000,5,"316210",58,0,2017,2,"N",3,0,0,0,0,0,0,0,"N",0.36,0,0,0,0,0,0,0,"N",0,0,0,0,0,0,0,0,0,0,0,0,0,0,0,0
"1208",39000,5,"3169",56,0,2017,2,"",27,886,876,879,8221366,2815947,46073,718,"",1.07,2.13,2.09,2.11,2.19,3.47,2.11,1.04,"",-4,-12.9,-74,-7.7,-61,-6.5,-80,-8.3,550153,7.2,-99010,-3.4,14893,47.8,98,15.8
"1209",39000,5,"31699",57,0,2017,2,"",27,886,876,879,8221366,2815947,46073,718,"",1.07,2.13,2.09,2.11,2.19,3.47,2.11,1.04,"",-4,-12.9,-74,-7.7,-61,-6.5,-80,-8.3,550153,7.2,-99010,-3.4,14893,47.8,98,15.8
"1210",39000,5,"316992",58,0,2017,2,"N",2,0,0,0,0,0,0,0,"N",0.58,0,0,0,0,0,0,0,"N",-2,-50,0,0,0,0,0,0,0,0,0,0,0,0,0,0
"1211",39000,5,"316998",58,0,2017,2,"N",25,0,0,0,0,0,0,0,"N",1.15,0,0,0,0,0,0,0,"N",-2,-7.4,0,0,0,0,0,0,0,0,0,0,0,0,0,0
"1212",39000,5,"321",55,0,2017,2,"",609,12926,12967,13110,130022984,24668970,704707,769,"",1.38,0.88,0.88,0.88,0.91,0.69,0.7,1.04,"",1,0.2,-60,-0.5,-120,-0.9,-15,-0.1,4219602,3.4,-2741916,-10,-16679,-2.3,28,3.8
"1213",39000,5,"3211",56,0,2017,2,"",108,1681,1665,1694,15410149,2857538,88933,706,"",0.99,0.49,0.48,0.49,0.44,0.33,0.43,0.91,"",0,0,41,2.5,-2,-0.1,16,1,588809,4,-248160,-8,-19688,-18.1,20,2.9
"1214",39000,5,"32111",57,0,2017,2,"",108,1681,1665,1694,15410149,2857538,88933,706,"",0.99,0.49,0.48,0.49,0.44,0.33,0.43,0.91,"",0,0,41,2.5,-2,-0.1,16,1,588809,4,-248160,-8,-19688,-18.1,20,2.9
"1215",39000,5,"321113",58,0,2017,2,"",90,1581,1565,1593,14349670,2601538,78400,699,"",0.94,0.52,0.51,0.51,0.47,0.33,0.42,0.9,"",-2,-2.2,44,2.9,11,0.7,34,2.2,505007,3.6,-162015,-5.9,-20161,-20.5,12,1.7
"1216",39000,5,"321114",58,0,2017,2,"",18,100,100,101,1060479,256000,10533,813,"",1.31,0.27,0.27,0.28,0.27,0.32,0.49,1,"",2,12.5,-3,-2.9,-13,-11.5,-18,-15.1,83802,8.6,-86145,-25.2,473,4.7,140,20.8
"1217",39000,5,"3212",56,0,2017,2,"",57,1835,1850,1878,18333192,3569036,100846,761,"",1.18,0.64,0.63,0.63,0.62,0.49,0.46,0.97,"",3,5.6,77,4.4,73,4.1,71,3.9,1779067,10.7,-336462,-8.6,-10719,-9.6,46,6.4
"1218",39000,5,"32121",57,0,2017,2,"",57,1835,1850,1878,18333192,3569036,100846,761,"",1.18,0.64,0.63,0.63,0.62,0.49,0.46,0.97,"",3,5.6,77,4.4,73,4.1,71,3.9,1779067,10.7,-336462,-8.6,-10719,-9.6,46,6.4
"1219",39000,5,"321211",58,0,2017,2,"",10,539,534,542,4971805,1043075,19294,710,"",1.03,1,0.99,1.01,0.97,0.83,0.52,0.97,"",0,0,-17,-3.1,-14,-2.6,0,0,230411,4.9,-203583,-16.3,1470,8.2,45,6.8
"1220",39000,5,"321212",58,0,2017,2,"",4,21,20,19,181380,54946,966,698,"",1.22,0.04,0.04,0.04,0.03,0.03,0.02,0.8,"",-1,-20,-1,-4.5,-1,-4.8,-2,-9.5,-3639,-2,-375,-0.7,418,76.3,31,4.6
"1221",39000,5,"321213",58,0,2017,2,"",6,82,84,84,801863,180686,4389,740,"",1.33,0.36,0.37,0.36,0.34,0.31,0.23,0.94,"",0,0,-26,-24.1,-30,-26.3,-37,-30.6,-123784,-13.4,-79480,-30.5,-2618,-37.4,117,18.8
"1222",39000,5,"321214",58,0,2017,2,"",31,969,988,1003,9456049,1874127,62235,737,"",1.26,0.91,0.9,0.89,0.97,0.77,0.79,1.08,"",5,19.2,129,15.4,125,14.5,113,12.7,1895544,25.1,5202,0.3,33,0.1,64,9.5
"1223",39000,5,"321219",58,0,2017,2,"",6,224,224,230,2922095,416202,13962,995,"",0.96,0.43,0.43,0.44,0.45,0.35,0.41,1.04,"",-1,-14.3,-8,-3.4,-7,-3,-3,-1.3,-219465,-7,-58226,-12.3,-10022,-41.8,-47,-4.5
"1224",39000,5,"3219",56,0,2017,2,"",444,9410,9452,9538,96279643,18242396,514928,782,"",1.56,1.13,1.12,1.12,1.24,0.91,0.89,1.1,"",-2,-0.4,-178,-1.9,-191,-2,-102,-1.1,1851726,2,-2157294,-10.6,13728,2.7,27,3.6
"1225",39000,5,"32191",57,0,2017,2,"",121,3856,3902,3934,40456089,6987712,191301,798,"",1.18,1.02,1.02,1.02,1.09,0.68,0.7,1.07,"",0,0,77,2,100,2.6,118,3.1,3846009,10.5,-202329,-2.8,17251,9.9,57,7.7
"1226",39000,5,"321911",58,0,2017,2,"",29,1332,1362,1346,14797457,2852981,77111,845,"",0.88,0.71,0.72,0.7,0.75,0.48,0.52,1.05,"",-1,-3.3,1,0.1,42,3.2,35,2.7,1668810,12.7,111954,4.1,4506,6.2,80,10.5
"1227",39000,5,"321912",58,0,2017,2,"",20,462,463,473,4927199,940140,14919,813,"",1.23,0.92,0.92,0.94,1.15,0.67,0.42,1.24,"",0,0,20,4.5,16,3.6,19,4.2,748543,17.9,174764,22.8,7896,112.4,95,13.2
"1228",39000,5,"321918",58,0,2017,2,"",72,2062,2077,2115,20731433,3194591,99271,765,"",1.34,1.46,1.47,1.48,1.6,1.12,1.11,1.09,"",1,1.4,56,2.8,42,2.1,64,3.1,1428656,7.4,-489047,-13.3,4849,5.1,34,4.7
"1229",39000,5,"32192",57,0,2017,2,"",203,3720,3704,3753,37220532,7592309,187841,768,"",2.31,1.68,1.66,1.68,2.05,1.59,1.75,1.22,"",2,1,-301,-7.5,-338,-8.4,-256,-6.4,-3339679,-8.2,-1643020,-17.8,-14920,-7.4,-7,-0.9
"1230",39000,5,"321920",58,0,2017,2,"",203,3720,3704,3753,37220532,7592309,187841,768,"",2.31,1.68,1.66,1.68,2.05,1.59,1.75,1.22,"",2,1,-301,-7.5,-338,-8.4,-256,-6.4,-3339679,-8.2,-1643020,-17.8,-14920,-7.4,-7,-0.9
"1231",39000,5,"32199",57,0,2017,2,"",120,1834,1846,1851,18603022,3662375,135786,776,"",1.28,0.78,0.77,0.76,0.82,0.73,0.68,1.06,"",-4,-3.2,46,2.6,47,2.6,36,2,1345396,7.8,-311945,-7.8,11397,9.2,39,5.3
"1232",39000,5,"321991",58,0,2017,2,"N",5,0,0,0,0,0,0,0,"N",0.54,0,0,0,0,0,0,0,"N",0,0,0,0,0,0,0,0,0,0,0,0,0,0,0,0
"1233",39000,5,"321992",58,0,2017,2,"N",18,0,0,0,0,0,0,0,"N",0.82,0,0,0,0,0,0,0,"N",2,12.5,0,0,0,0,0,0,0,0,0,0,0,0,0,0
"1234",39000,5,"321999",58,0,2017,2,"",97,1242,1246,1254,10918466,2408683,63205,673,"",1.56,1.37,1.35,1.36,1.32,1.22,1.16,0.97,"",-6,-5.8,2,0.2,8,0.6,7,0.6,26395,0.2,-320105,-11.7,10983,21,-2,-0.3
"1235",39000,5,"322",55,0,2017,2,"",331,19987,19848,20024,283451616,19269195,559832,1093,"",2.03,1.46,1.45,1.45,1.46,0.87,1.11,1,"",-9,-2.6,171,0.9,120,0.6,246,1.2,10744262,3.9,-1594875,-7.6,59985,12,32,3
"1236",39000,5,"3221",56,0,2017,2,"",24,2225,2155,2201,42611712,957643,35478,1494,"",1.01,0.61,0.59,0.59,0.65,0.18,0.39,1.1,"",-1,-4,-127,-5.4,-177,-7.6,-149,-6.3,262622,0.6,-304728,-24.1,-1541,-4.2,105,7.6
"1237",39000,5,"32211",57,0,2017,2,"N",3,0,0,0,0,0,0,0,"N",1.29,0,0,0,0,0,0,0,"N",1,50,0,0,0,0,0,0,0,0,0,0,0,0,0,0
"1238",39000,5,"322110",58,0,2017,2,"N",3,0,0,0,0,0,0,0,"N",1.29,0,0,0,0,0,0,0,"N",1,50,0,0,0,0,0,0,0,0,0,0,0,0,0,0
"1239",39000,5,"32212",57,0,2017,2,"",10,1399,1338,1367,28573146,413865,6606,1607,"",0.72,0.6,0.58,0.58,0.71,0.12,0.11,1.2,"",-1,-9.1,-112,-7.4,-194,-12.7,-193,-12.4,-529360,-1.8,-365512,-46.9,-5050,-43.3,148,10.1
"1240",39000,5,"322121",58,0,2017,2,"N",8,0,0,0,0,0,0,0,"N",0.63,0,0,0,0,0,0,0,"N",-1,-11.1,0,0,0,0,0,0,0,0,0,0,0,0,0,0
"1241",39000,5,"322122",58,0,2017,2,"N",2,0,0,0,0,0,0,0,"N",1.7,0,0,0,0,0,0,0,"N",0,0,0,0,0,0,0,0,0,0,0,0,0,0,0,0
"1242",39000,5,"32213",57,0,2017,2,"N",11,0,0,0,0,0,0,0,"N",1.46,0,0,0,0,0,0,0,"N",-1,-8.3,0,0,0,0,0,0,0,0,0,0,0,0,0,0
"1243",39000,5,"322130",58,0,2017,2,"N",11,0,0,0,0,0,0,0,"N",1.46,0,0,0,0,0,0,0,"N",-1,-8.3,0,0,0,0,0,0,0,0,0,0,0,0,0,0
"1244",39000,5,"3222",56,0,2017,2,"",307,17762,17693,17823,240839904,18311552,524354,1043,"",2.2,1.77,1.76,1.77,1.86,1.09,1.27,1.05,"",-8,-2.5,298,1.7,297,1.7,395,2.3,10481640,4.6,-1290147,-6.6,61526,13.3,26,2.6
"1245",39000,5,"32221",57,0,2017,2,"",167,9868,9808,9878,130245939,9396748,296595,1017,"",2.32,1.78,1.76,1.77,1.82,1.03,1.33,1.03,"",-5,-2.9,260,2.7,233,2.4,313,3.3,8044145,6.6,-952059,-9.2,29873,11.2,36,3.7
"1246",39000,5,"322211",58,0,2017,2,"",116,6481,6450,6461,89435892,6324788,181466,1064,"",2.38,1.84,1.83,1.82,1.89,1.07,1.28,1.03,"",-2,-1.7,175,2.8,211,3.4,204,3.3,6283548,7.6,-476233,-7,23068,14.6,43,4.2
"1247",39000,5,"322212",58,0,2017,2,"",19,1523,1518,1563,19888320,1449242,56471,997,"",1.61,1.43,1.42,1.46,1.51,0.76,1.25,1.05,"",-2,-9.5,106,7.5,70,4.8,124,8.6,2171132,12.3,-128900,-8.2,-9645,-14.6,47,4.9
"1248",39000,5,"322219",58,0,2017,2,"",32,1864,1840,1854,20921727,1622718,58658,869,"",2.81,1.93,1.91,1.92,1.91,1.22,1.61,0.99,"",-1,-3,-21,-1.1,-48,-2.5,-15,-0.8,-410535,-1.9,-346926,-17.6,16450,39,-4,-0.5
"1249",39000,5,"32222",57,0,2017,2,"",78,4673,4659,4674,74740084,3909230,105246,1231,"",2.46,2.18,2.17,2.17,2.68,1.02,1.15,1.23,"",-3,-3.7,-34,-0.7,-32,-0.7,-39,-0.8,1148435,1.6,-544665,-12.2,903,0.9,27,2.2
"1250",39000,5,"322220",58,0,2017,2,"",78,4673,4659,4674,74740084,3909230,105246,1231,"",2.46,2.18,2.17,2.17,2.68,1.02,1.15,1.23,"",-3,-3.7,-34,-0.7,-32,-0.7,-39,-0.8,1148435,1.6,-544665,-12.2,903,0.9,27,2.2
"1251",39000,5,"32223",57,0,2017,2,"",20,1250,1270,1285,12589592,1902894,41632,764,"",1.41,1.92,1.95,1.97,1.81,1.57,1.28,0.93,"",-1,-4.8,-16,-1.3,7,0.6,14,1.1,13806,0.1,21208,1.1,5377,14.8,0,0
"1252",39000,5,"322230",58,0,2017,2,"",20,1250,1270,1285,12589592,1902894,41632,764,"",1.41,1.92,1.95,1.97,1.81,1.57,1.28,0.93,"",-1,-4.8,-16,-1.3,7,0.6,14,1.1,13806,0.1,21208,1.1,5377,14.8,0,0
"1253",39000,5,"32229",57,0,2017,2,"",42,1971,1956,1986,23264289,3102680,80881,908,"",1.92,1.18,1.17,1.18,1,1.17,1.22,0.85,"",1,2.4,88,4.7,89,4.8,107,5.7,1275254,5.8,185369,6.4,25373,45.7,7,0.8
"1254",39000,5,"322291",58,0,2017,2,"",11,680,673,681,8496483,707240,16268,964,"",1.82,0.66,0.65,0.65,0.53,0.47,0.49,0.81,"",-1,-8.3,-23,-3.3,-27,-3.9,-31,-4.4,-98698,-1.1,-138599,-16.4,2130,15.1,26,2.8
"1255",39000,5,"322299",58,0,2017,2,"",31,1291,1283,1305,14767806,2395440,64613,879,"",1.96,2.03,2.01,2.03,2.04,2.12,1.95,1.01,"",2,6.9,111,9.4,116,9.9,138,11.8,1373952,10.3,323968,15.6,23243,56.2,-1,-0.1
"1256",39000,5,"323",55,0,2017,2,"",1194,21471,21565,21690,240150464,31679440,827775,856,"",1.39,1.31,1.31,1.32,1.39,0.99,0.98,1.06,"",2,0.2,-59,-0.3,-71,-0.3,12,0.1,-20398338,-7.8,-3271068,-9.4,19942,2.5,-71,-7.7
"1257",39000,5,"3231",56,0,2017,2,"",1194,21471,21565,21690,240150464,31679440,827775,856,"",1.39,1.31,1.31,1.32,1.39,0.99,0.98,1.06,"",2,0.2,-59,-0.3,-71,-0.3,12,0.1,-20398338,-7.8,-3271068,-9.4,19942,2.5,-71,-7.7
"1258",39000,5,"32311",57,0,2017,2,"",1125,20647,20751,20860,230087833,30666873,796761,853,"",1.39,1.33,1.33,1.34,1.42,1.02,1,1.06,"",4,0.4,16,0.1,16,0.1,125,0.6,-19451874,-7.8,-3154750,-9.3,21371,2.8,-74,-8
"1259",39000,5,"323111",58,0,2017,2,"",823,14752,14744,14832,174648532,19244398,488228,909,"",1.37,1.23,1.22,1.23,1.32,0.84,0.81,1.07,"",-14,-1.7,-84,-0.6,-117,-0.8,36,0.2,-20752712,-10.6,-1773976,-8.4,34631,7.6,-104,-10.3
"1260",39000,5,"323113",58,0,2017,2,"",278,4430,4491,4545,39500407,9899091,252572,677,"",1.44,1.59,1.59,1.59,1.77,1.62,1.55,1.11,"",13,4.9,143,3.3,116,2.7,133,3,2342724,6.3,-857390,-8,22194,9.6,21,3.2
"1261",39000,5,"323117",58,0,2017,2,"",24,1465,1516,1483,15938894,1523384,55961,824,"",1.67,2.15,2.21,2.16,2.23,1.66,1.9,1.03,"",5,26.3,-43,-2.9,17,1.1,-44,-2.9,-1041886,-6.1,-523384,-25.6,-35454,-38.8,-40,-4.6
"1262",39000,5,"32312",57,0,2017,2,"",69,824,814,830,10062631,1012567,31014,941,"",1.42,0.91,0.9,0.93,0.98,0.53,0.59,1.07,"",-2,-2.8,-75,-8.3,-87,-9.7,-113,-12,-946464,-8.6,-116318,-10.3,-1429,-4.4,15,1.6
"1263",39000,5,"323120",58,0,2017,2,"",69,824,814,830,10062631,1012567,31014,941,"",1.42,0.91,0.9,0.93,0.98,0.53,0.59,1.07,"",-2,-2.8,-75,-8.3,-87,-9.7,-113,-12,-946464,-8.6,-116318,-10.3,-1429,-4.4,15,1.6
"1264",39000,5,"324",55,0,2017,2,"",111,4682,4727,4787,112074764,4437316,258147,1822,"",1.62,1.12,1.11,1.12,1.12,0.88,1.16,1.01,"",-6,-5.1,-410,-8.1,-452,-8.7,-383,-7.4,-2694670,-2.3,-1849833,-29.4,-177129,-40.7,107,6.2
"1265",39000,5,"3241",56,0,2017,2,"",111,4682,4727,4787,112074764,4437316,258147,1822,"",1.62,1.12,1.11,1.12,1.12,0.88,1.16,1.01,"",-6,-5.1,-410,-8.1,-452,-8.7,-383,-7.4,-2694670,-2.3,-1849833,-29.4,-177129,-40.7,107,6.2
"1266",39000,5,"32411",57,0,2017,2,"",16,2145,2159,2192,63288186,929546,16223,2248,"",0.84,0.81,0.82,0.82,0.84,0.41,0.46,1.03,"",0,0,-27,-1.2,-22,-1,36,1.7,1062872,1.7,227695,32.4,6391,65,42,1.9
"1267",39000,5,"324110",58,0,2017,2,"",16,2145,2159,2192,63288186,929546,16223,2248,"",0.84,0.81,0.82,0.82,0.84,0.41,0.46,1.03,"",0,0,-27,-1.2,-22,-1,36,1.7,1062872,1.7,227695,32.4,6391,65,42,1.9
"1268",39000,5,"32412",57,0,2017,2,"",63,1740,1773,1794,32612162,2743253,226889,1418,"",1.82,1.83,1.76,1.75,2.1,1.24,1.32,1.18,"",-3,-4.5,-353,-16.9,-393,-18.1,-385,-17.7,-4698431,-12.6,-2285306,-45.4,-188821,-45.4,81,6.1
"1269",39000,5,"324121",58,0,2017,2,"",48,808,834,861,14838126,2181087,194597,1368,"",1.82,1.5,1.42,1.42,1.73,1.34,1.34,1.19,"",-2,-4,-350,-30.2,-393,-32,-371,-30.1,-5434667,-26.8,-2165234,-49.8,-176693,-47.6,75,5.8
"1270",39000,5,"324122",58,0,2017,2,"",15,932,939,933,17774036,562166,32292,1463,"",1.83,2.25,2.24,2.22,2.56,0.96,1.19,1.15,"",-1,-6.2,-3,-0.3,0,0,-14,-1.5,736236,4.3,-120072,-17.6,-12128,-27.3,69,4.9
"1271",39000,5,"32419",57,0,2017,2,"",32,797,795,801,16174416,764517,15035,1560,"",2.12,1.35,1.34,1.35,1.71,1.32,0.98,1.27,"",-3,-8.6,-30,-3.6,-37,-4.4,-34,-4.1,940889,6.2,207778,37.3,5301,54.5,150,10.6
"1272",39000,5,"324191",58,0,2017,2,"",26,489,487,496,9043245,680267,13477,1418,"",2.2,1.22,1.21,1.23,1.41,1.36,1.09,1.16,"",-3,-10.3,-30,-5.8,-39,-7.4,-37,-6.9,58452,0.7,192087,39.3,4737,54.2,104,7.9
"1273",39000,5,"324199",58,0,2017,2,"",6,308,308,305,7131171,84250,1558,1787,"",1.81,1.64,1.63,1.6,2.34,1.07,0.53,1.45,"",0,0,0,0,2,0.7,3,1,882437,14.1,15691,22.9,564,56.7,213,13.5
"1274",39000,5,"325",55,0,2017,2,"",795,44372,44411,44848,856731288,33994249,996571,1480,"",1.45,1.46,1.45,1.45,1.42,0.84,1.03,0.98,"",3,0.4,262,0.6,105,0.2,339,0.8,-17530926,-2,-8904623,-20.8,-190770,-16.1,-38,-2.5
"1275",39000,5,"3251",56,0,2017,2,"",187,9335,9346,9395,189572920,4896098,120200,1558,"",1.95,1.69,1.68,1.68,1.62,0.82,1,0.96,"",-6,-3.1,-326,-3.4,-379,-3.9,-412,-4.2,9498045,5.3,-171672,-3.4,20042,20,135,9.5
"1276",39000,5,"32511",57,0,2017,2,"N",4,0,0,0,0,0,0,0,"N",0.69,0,0,0,0,0,0,0,"N",-1,-20,0,0,0,0,0,0,0,0,0,0,0,0,0,0
"1277",39000,5,"325110",58,0,2017,2,"N",4,0,0,0,0,0,0,0,"N",0.69,0,0,0,0,0,0,0,"N",-1,-20,0,0,0,0,0,0,0,0,0,0,0,0,0,0
"1278",39000,5,"32512",57,0,2017,2,"N",42,0,0,0,0,0,0,0,"N",1.8,0,0,0,0,0,0,0,"N",-5,-10.6,0,0,0,0,0,0,0,0,0,0,0,0,0,0
"1279",39000,5,"325120",58,0,2017,2,"N",42,0,0,0,0,0,0,0,"N",1.8,0,0,0,0,0,0,0,"N",-5,-10.6,0,0,0,0,0,0,0,0,0,0,0,0,0,0
"1280",39000,5,"32513",57,0,2017,2,"",32,1885,1911,1921,34635141,835155,16001,1398,"",3.67,3.98,4.01,4,4.3,2.35,1.57,1.07,"",2,6.7,26,1.4,42,2.2,51,2.7,1626709,4.9,95986,13,6189,63.1,37,2.7
"1281",39000,5,"325130",58,0,2017,2,"",32,1885,1911,1921,34635141,835155,16001,1398,"",3.67,3.98,4.01,4,4.3,2.35,1.57,1.07,"",2,6.7,26,1.4,42,2.2,51,2.7,1626709,4.9,95986,13,6189,63.1,37,2.7
"1282",39000,5,"32518",57,0,2017,2,"",37,1700,1720,1734,29013856,826177,27920,1299,"",1.52,1.17,1.17,1.18,0.99,0.53,1.03,0.84,"",0,0,-271,-13.7,-261,-13.2,-251,-12.6,-2826914,-8.9,-332314,-28.7,-1105,-3.8,61,4.9
"1283",39000,5,"325180",58,0,2017,2,"",37,1700,1720,1734,29013856,826177,27920,1299,"",1.52,1.17,1.17,1.18,0.99,0.53,1.03,0.84,"",0,0,-271,-13.7,-261,-13.2,-251,-12.6,-2826914,-8.9,-332314,-28.7,-1105,-3.8,61,4.9
"1284",39000,5,"32519",57,0,2017,2,"",72,4694,4653,4680,104886753,2781743,65245,1726,"",2.15,2.41,2.37,2.38,2.69,0.99,1.2,1.13,"",-2,-2.7,-10,-0.2,-100,-2.1,-153,-3.2,12321646,13.3,16614,0.6,14152,27.7,231,15.5
"1285",39000,5,"325193",58,0,2017,2,"N",6,0,0,0,0,0,0,0,"N",0.88,0,0,0,0,0,0,0,"N",1,20,0,0,0,0,0,0,0,0,0,0,0,0,0,0
"1286",39000,5,"325194",58,0,2017,2,"N",5,0,0,0,0,0,0,0,"N",1.74,0,0,0,0,0,0,0,"N",0,0,0,0,0,0,0,0,0,0,0,0,0,0,0,0
"1287",39000,5,"325199",58,0,2017,2,"",61,4334,4293,4319,98943445,2631612,59658,1764,"",2.56,3.08,3.04,3.05,3.35,1.49,1.64,1.1,"",-3,-4.7,-61,-1.4,-148,-3.3,-198,-4.4,11233313,12.8,-9597,-0.4,11279,23.3,248,16.4
"1288",39000,5,"3252",56,0,2017,2,"",119,5376,5375,5420,104810749,3589725,94033,1496,"",2.46,1.56,1.56,1.57,1.58,1.16,1.11,1.01,"",-12,-9.2,-191,-3.4,-224,-4,-213,-3.8,-3659199,-3.4,-57020,-1.6,17361,22.6,6,0.4
"1289",39000,5,"32521",57,0,2017,2,"",108,5051,5050,5097,99909780,3438809,86625,1517,"",2.59,2.02,2.01,2.02,1.97,1.61,1.62,0.98,"",-11,-9.2,-145,-2.8,-181,-3.5,-165,-3.1,-3076629,-3,53807,1.6,19321,28.7,2,0.1
"1290",39000,5,"325211",58,0,2017,2,"",82,4018,4020,4073,83024555,2569881,65189,1582,"",2.29,1.88,1.88,1.9,1.91,1.4,1.42,1.01,"",-10,-10.9,-186,-4.4,-208,-4.9,-181,-4.3,-5212810,-5.9,77694,3.1,17461,36.6,-23,-1.4
"1291",39000,5,"325212",58,0,2017,2,"",26,1033,1030,1024,16885225,868928,21436,1262,"",4.42,2.79,2.78,2.75,2.34,2.98,2.9,0.85,"",-1,-3.7,41,4.1,27,2.7,16,1.6,2136181,14.5,-23887,-2.7,1860,9.5,129,11.4
"1292",39000,5,"32522",57,0,2017,2,"",11,325,325,323,4900969,150916,7408,1162,"",1.65,0.35,0.35,0.34,0.31,0.16,0.24,0.9,"",-1,-8.3,-46,-12.4,-43,-11.7,-48,-12.9,-582570,-10.6,-110827,-42.3,-1960,-20.9,22,1.9
"1293",39000,5,"325220",58,0,2017,2,"",11,325,325,323,4900969,150916,7408,1162,"",1.65,0.35,0.35,0.34,0.31,0.16,0.24,0.9,"",-1,-8.3,-46,-12.4,-43,-11.7,-48,-12.9,-582570,-10.6,-110827,-42.3,-1960,-20.9,22,1.9
"1294",39000,5,"3253",56,0,2017,2,"",27,1839,1797,1706,42304830,2398678,108191,1828,"",0.73,1.36,1.33,1.26,1.76,1.23,2.03,1.34,"",-1,-3.6,-206,-10.1,-194,-9.7,-257,-13.1,-4665288,-9.9,-1041345,-30.3,-16124,-13,21,1.2
"1295",39000,5,"32531",57,0,2017,2,"N",26,0,0,0,0,0,0,0,"N",0.96,0,0,0,0,0,0,0,"N",-1,-3.7,0,0,0,0,0,0,0,0,0,0,0,0,0,0
"1296",39000,5,"325311",58,0,2017,2,"",12,1330,1327,1361,32518569,1135457,85923,1868,"",1.37,4.42,4.39,4.52,5.84,2.78,6.26,1.31,"",0,0,-179,-11.9,-134,-9.2,-75,-5.2,-8445857,-20.6,-1446457,-56,-27184,-24,-278,-13
"1297",39000,5,"325312",58,0,2017,2,"N",2,0,0,0,0,0,0,0,"N",1.09,0,0,0,0,0,0,0,"N",0,0,0,0,0,0,0,0,0,0,0,0,0,0,0,0
"1298",39000,5,"325314",58,0,2017,2,"",12,460,420,295,9143833,1209587,21109,1796,"",0.73,1.4,1.28,0.92,2.23,2.08,1.12,1.86,"",-1,-7.7,-19,-4,-52,-11,-172,-36.8,3917538,75,433936,55.9,10466,98.3,945,111
"1299",39000,5,"32532",57,0,2017,2,"N",1,0,0,0,0,0,0,0,"N",0.1,0,0,0,0,0,0,0,"N",0,0,0,0,0,0,0,0,0,0,0,0,0,0,0,0
"1300",39000,5,"325320",58,0,2017,2,"N",1,0,0,0,0,0,0,0,"N",0.1,0,0,0,0,0,0,0,"N",0,0,0,0,0,0,0,0,0,0,0,0,0,0,0,0
"1301",39000,5,"3254",56,0,2017,2,"",62,5247,5260,5274,97081089,2926571,79451,1420,"",0.51,0.48,0.48,0.48,0.38,0.2,0.24,0.8,"",13,26.5,357,7.3,392,8.1,411,8.5,1641293,1.7,-5247632,-64.2,-304108,-79.3,-86,-5.7
"1302",39000,5,"32541",57,0,2017,2,"",62,5247,5260,5274,97081089,2926571,79451,1420,"",0.51,0.48,0.48,0.48,0.38,0.2,0.24,0.8,"",13,26.5,357,7.3,392,8.1,411,8.5,1641293,1.7,-5247632,-64.2,-304108,-79.3,-86,-5.7
"1303",39000,5,"325411",58,0,2017,2,"N",7,0,0,0,0,0,0,0,"N",0.35,0,0,0,0,0,0,0,"N",0,0,0,0,0,0,0,0,0,0,0,0,0,0,0,0
"1304",39000,5,"325412",58,0,2017,2,"",49,4855,4870,4883,91635230,2581918,70765,1448,"",0.62,0.64,0.64,0.64,0.51,0.27,0.31,0.79,"",13,36.1,359,8,397,8.9,420,9.4,1913689,2.1,-5142786,-66.6,-302173,-81,-93,-6
"1305",39000,5,"325413",58,0,2017,2,"",5,305,302,305,4037730,286769,7401,1022,"",0.47,0.32,0.31,0.31,0.2,0.22,0.32,0.65,"",0,0,-4,-1.3,-8,-2.6,-10,-3.2,-281081,-6.5,-88128,-23.5,-1443,-16.3,-45,-4.2
"1306",39000,5,"325414",58,0,2017,2,"N",1,0,0,0,0,0,0,0,"N",0.08,0,0,0,0,0,0,0,"N",0,0,0,0,0,0,0,0,0,0,0,0,0,0,0,0
"1307",39000,5,"3255",56,0,2017,2,"",132,8063,8083,8196,140920806,5981530,152502,1336,"",2.01,3.48,3.47,3.49,3.78,1.92,1.85,1.09,"",-3,-2.2,185,2.3,157,2,262,3.3,7176548,5.4,177827,3.1,19027,14.3,36,2.8
"1308",39000,5,"32551",57,0,2017,2,"",93,5766,5785,5862,99222905,4020019,102368,1315,"",2.05,3.83,3.82,3.84,4.16,2.07,1.89,1.09,"",-3,-3.1,165,2.9,147,2.6,233,4.1,6295195,6.8,227578,6,16874,19.7,44,3.5
"1309",39000,5,"325510",58,0,2017,2,"",93,5766,5785,5862,99222905,4020019,102368,1315,"",2.05,3.83,3.82,3.84,4.16,2.07,1.89,1.09,"",-3,-3.1,165,2.9,147,2.6,233,4.1,6295195,6.8,227578,6,16874,19.7,44,3.5
"1310",39000,5,"32552",57,0,2017,2,"",39,2297,2298,2334,41697901,1961511,50134,1389,"",1.93,2.84,2.82,2.84,3.11,1.67,1.78,1.1,"",0,0,20,0.9,10,0.4,29,1.3,881353,2.2,-49751,-2.5,2153,4.5,18,1.3
"1311",39000,5,"325520",58,0,2017,2,"",39,2297,2298,2334,41697901,1961511,50134,1389,"",1.93,2.84,2.82,2.84,3.11,1.67,1.78,1.1,"",0,0,20,0.9,10,0.4,29,1.3,881353,2.2,-49751,-2.5,2153,4.5,18,1.3
"1312",39000,5,"3256",56,0,2017,2,"",113,9244,9256,9503,195722592,9076053,285245,1613,"",1.25,2.33,2.32,2.36,3.35,1.25,1.55,1.44,"",2,1.8,109,1.2,8,0.1,160,1.7,-35304625,-15.3,-2867074,-24,32150,12.7,-310,-16.1
"1313",39000,5,"32561",57,0,2017,2,"",88,5707,5677,5853,147110538,4317276,76237,1970,"",1.71,2.89,2.86,2.92,4.56,1.44,1.13,1.58,"",1,1.1,-158,-2.7,-264,-4.4,-137,-2.3,-40296686,-21.5,-834122,-16.2,7378,10.7,-460,-18.9
"1314",39000,5,"325611",58,0,2017,2,"",44,4145,4116,4293,123306771,2550393,40209,2267,"",1.81,4.39,4.34,4.47,8.06,1.9,1.3,1.83,"",2,4.8,-160,-3.7,-257,-5.9,-122,-2.8,-41314318,-25.1,-674140,-20.9,6304,18.6,-635,-21.9
"1315",39000,5,"325612",58,0,2017,2,"N",41,0,0,0,0,0,0,0,"N",1.79,0,0,0,0,0,0,0,"N",-1,-2.4,0,0,0,0,0,0,0,0,0,0,0,0,0,0
"1316",39000,5,"325613",58,0,2017,2,"N",3,0,0,0,0,0,0,0,"N",0.7,0,0,0,0,0,0,0,"N",0,0,0,0,0,0,0,0,0,0,0,0,0,0,0,0
"1317",39000,5,"32562",57,0,2017,2,"",25,3537,3579,3650,48612054,4758777,209008,1042,"",0.64,1.77,1.78,1.8,1.86,1.11,1.79,1.04,"",1,4.2,267,8.2,272,8.2,297,8.9,4992061,11.4,-2032952,-29.9,24772,13.4,28,2.8
"1318",39000,5,"325620",58,0,2017,2,"",25,3537,3579,3650,48612054,4758777,209008,1042,"",0.64,1.77,1.78,1.8,1.86,1.11,1.79,1.04,"",1,4.2,267,8.2,272,8.2,297,8.9,4992061,11.4,-2032952,-29.9,24772,13.4,28,2.8
"1319",39000,5,"3259",56,0,2017,2,"",155,5268,5294,5354,86318302,5125594,156949,1252,"",1.74,1.72,1.72,1.72,1.88,1.2,1.35,1.09,"",10,6.9,334,6.8,345,7,388,7.8,7782300,9.9,302293,6.3,40882,35.2,31,2.5
"1320",39000,5,"32591",57,0,2017,2,"N",28,0,0,0,0,0,0,0,"N",1.91,0,0,0,0,0,0,0,"N",1,3.7,0,0,0,0,0,0,0,0,0,0,0,0,0,0
"1321",39000,5,"325910",58,0,2017,2,"N",28,0,0,0,0,0,0,0,"N",1.91,0,0,0,0,0,0,0,"N",1,3.7,0,0,0,0,0,0,0,0,0,0,0,0,0,0
"1322",39000,5,"32592",57,0,2017,2,"N",1,0,0,0,0,0,0,0,"N",0.35,0,0,0,0,0,0,0,"N",0,0,0,0,0,0,0,0,0,0,0,0,0,0,0,0
"1323",39000,5,"325920",58,0,2017,2,"N",1,0,0,0,0,0,0,0,"N",0.35,0,0,0,0,0,0,0,"N",0,0,0,0,0,0,0,0,0,0,0,0,0,0,0,0
"1324",39000,5,"32599",57,0,2017,2,"",126,4269,4293,4339,71236412,4398843,134478,1274,"",1.77,1.72,1.72,1.72,1.91,1.21,1.36,1.11,"",9,7.7,315,8,328,8.3,357,9,8296410,13.2,272902,6.6,39470,41.5,54,4.4
"1325",39000,5,"325991",58,0,2017,2,"N",39,0,0,0,0,0,0,0,"N",3.05,0,0,0,0,0,0,0,"N",3,8.3,0,0,0,0,0,0,0,0,0,0,0,0,0,0
"1326",39000,5,"325992",58,0,2017,2,"N",8,0,0,0,0,0,0,0,"N",0.86,0,0,0,0,0,0,0,"N",-1,-11.1,0,0,0,0,0,0,0,0,0,0,0,0,0,0
"1327",39000,5,"325998",58,0,2017,2,"",79,2185,2202,2231,38532624,2043596,68802,1344,"",1.6,1.55,1.55,1.55,1.7,1.06,1.36,1.09,"",7,9.7,243,12.5,260,13.4,268,13.7,6645379,20.8,387703,23.4,27984,68.6,85,6.8
"1328",39000,5,"326",55,0,2017,2,"",871,57033,57188,57523,689504537,84105434,2339233,926,"",2.19,2.15,2.15,2.15,2.25,1.77,1.77,1.05,"",11,1.3,441,0.8,324,0.6,538,0.9,20128204,3,-9256035,-9.9,23595,1,20,2.2
"1329",39000,5,"3261",56,0,2017,2,"",672,43820,43953,44307,512075848,70043627,1881447,895,"",2,2.04,2.03,2.04,2.1,1.74,1.69,1.03,"",2,0.3,455,1,303,0.7,595,1.4,17496811,3.5,-7516619,-9.7,70999,3.9,22,2.5
"1330",39000,5,"32611",57,0,2017,2,"",90,6221,6216,6281,87978941,7139573,188077,1085,"",2.09,1.79,1.79,1.8,1.98,1.24,1.37,1.1,"",3,3.4,67,1.1,12,0.2,37,0.6,4135709,4.9,-1136145,-13.7,11725,6.6,45,4.3
"1331",39000,5,"326111",58,0,2017,2,"",21,1667,1652,1707,19692305,1985652,57430,904,"",1.51,1.34,1.33,1.37,1.42,0.97,1.29,1.06,"",1,5,7,0.4,0,0,39,2.3,-105199,-0.5,-175873,-8.1,598,1.1,-13,-1.4
"1332",39000,5,"326112",58,0,2017,2,"",18,990,992,999,13970363,922339,23873,1081,"",1.53,1.26,1.25,1.26,1.35,0.71,0.73,1.08,"",2,12.5,49,5.2,34,3.5,36,3.7,462218,3.4,-183792,-16.6,-697,-2.8,-8,-0.7
"1333",39000,5,"326113",58,0,2017,2,"",51,3564,3572,3575,54316273,4231582,106774,1170,"",2.94,2.48,2.48,2.48,2.67,1.75,1.77,1.08,"",0,0,11,0.3,-22,-0.6,-38,-1.1,3778690,7.5,-776480,-15.5,11824,12.5,86,7.9
"1334",39000,5,"32612",57,0,2017,2,"",85,5204,5193,5240,62556220,6670397,232329,923,"",2.64,2.71,2.68,2.7,2.67,1.75,2.25,0.99,"",-2,-2.3,-187,-3.5,-200,-3.7,-147,-2.7,-952259,-1.5,-1995403,-23,-7474,-3.1,17,1.9
"1335",39000,5,"326121",58,0,2017,2,"",46,2815,2821,2846,32959621,4090877,129144,897,"",3.12,3.18,3.17,3.17,2.94,2.2,2.63,0.93,"",-2,-4.2,19,0.7,14,0.5,28,1,450076,1.4,-1035517,-20.2,20600,19,6,0.7
"1336",39000,5,"326122",58,0,2017,2,"",39,2389,2372,2394,29596599,2579520,103185,955,"",2.23,2.3,2.27,2.29,2.43,1.32,1.9,1.06,"",0,0,-206,-7.9,-214,-8.3,-175,-6.8,-1402335,-4.5,-959886,-27.1,-28074,-21.4,32,3.5
"1337",39000,5,"32613",57,0,2017,2,"",41,1531,1526,1531,19640156,1646489,46023,988,"",3.25,2.11,2.09,2.07,2.25,1.27,1.18,1.08,"",2,5.1,200,15,173,12.8,170,12.5,1534313,8.5,-164231,-9.1,10955,31.2,-45,-4.4
"1338",39000,5,"326130",58,0,2017,2,"",41,1531,1526,1531,19640156,1646489,46023,988,"",3.25,2.11,2.09,2.07,2.25,1.27,1.18,1.08,"",2,5.1,200,15,173,12.8,170,12.5,1534313,8.5,-164231,-9.1,10955,31.2,-45,-4.4
"1339",39000,5,"32614",57,0,2017,2,"",29,1134,1111,1121,15024649,1517492,38073,1030,"",1.64,0.92,0.9,0.9,1.16,0.7,0.64,1.28,"",-1,-3.3,74,7,38,3.5,39,3.6,-2347155,-13.5,-40200,-2.6,3064,8.8,-217,-17.4
"1340",39000,5,"326140",58,0,2017,2,"",29,1134,1111,1121,15024649,1517492,38073,1030,"",1.64,0.92,0.9,0.9,1.16,0.7,0.64,1.28,"",-1,-3.3,74,7,38,3.5,39,3.6,-2347155,-13.5,-40200,-2.6,3064,8.8,-217,-17.4
"1341",39000,5,"32615",57,0,2017,2,"",47,1866,1872,1898,21276502,2841240,93325,871,"",1.74,1.38,1.38,1.39,1.48,1.1,1.39,1.07,"",2,4.4,183,10.9,178,10.5,206,12.2,2586549,13.8,-905377,-24.2,3137,3.5,20,2.4
"1342",39000,5,"326150",58,0,2017,2,"",47,1866,1872,1898,21276502,2841240,93325,871,"",1.74,1.38,1.38,1.39,1.48,1.1,1.39,1.07,"",2,4.4,183,10.9,178,10.5,206,12.2,2586549,13.8,-905377,-24.2,3137,3.5,20,2.4
"1343",39000,5,"32616",57,0,2017,2,"",35,3996,4016,4073,50083672,5130174,126510,956,"",2.4,3.35,3.35,3.39,3.59,2.75,2.35,1.07,"",3,9.4,123,3.2,76,1.9,117,3,-324097,-0.6,-399131,-7.2,-221,-0.2,-32,-3.2
"1344",39000,5,"326160",58,0,2017,2,"",35,3996,4016,4073,50083672,5130174,126510,956,"",2.4,3.35,3.35,3.39,3.59,2.75,2.35,1.07,"",3,9.4,123,3.2,76,1.9,117,3,-324097,-0.6,-399131,-7.2,-221,-0.2,-32,-3.2
"1345",39000,5,"32619",57,0,2017,2,"",345,23868,24019,24163,255515708,45098262,1157110,818,"",1.83,2.06,2.06,2.06,2.03,1.99,1.78,0.99,"",-5,-1.4,-5,0,26,0.1,173,0.7,12863751,5.3,-2876132,-6,49813,4.5,39,5
"1346",39000,5,"326191",58,0,2017,2,"",6,135,131,135,1267768,289309,6451,730,"",0.56,0.26,0.25,0.25,0.24,0.31,0.23,0.97,"",0,0,3,2.3,1,0.8,-2,-1.5,8291,0.7,1547,0.5,1670,34.9,2,0.3
"1347",39000,5,"326199",58,0,2017,2,"",339,23733,23888,24028,254247940,44808953,1150659,819,"",1.91,2.14,2.14,2.14,2.11,2.06,1.85,0.98,"",-5,-1.5,-8,0,25,0.1,175,0.7,12855460,5.3,-2877679,-6,48143,4.4,39,5
"1348",39000,5,"3262",56,0,2017,2,"",199,13213,13235,13216,177428689,14061807,457786,1032,"",3.17,2.63,2.62,2.61,2.83,1.9,2.2,1.08,"",9,4.7,-14,-0.1,21,0.2,-57,-0.4,2631393,1.5,-1739416,-11,-47404,-9.4,16,1.6
"1349",39000,5,"32621",57,0,2017,2,"",39,2936,2948,2895,46535356,2123557,68808,1223,"",2.65,1.42,1.42,1.38,1.61,0.79,1.25,1.15,"",11,39.3,-26,-0.9,-32,-1.1,-123,-4.1,-5830826,-11.1,-533136,-20.1,-11563,-14.4,-126,-9.3
"1350",39000,5,"326211",58,0,2017,2,"",11,2498,2511,2464,41378730,1474696,52227,1278,"",2.7,1.36,1.36,1.33,1.56,0.67,1.18,1.15,"",-1,-8.3,-37,-1.5,-51,-2,-119,-4.6,-6713149,-14,-427976,-22.5,-13184,-20.2,-167,-11.6
"1351",39000,5,"326212",58,0,2017,2,"",28,438,437,431,5156626,648861,16581,911,"",2.63,1.86,1.84,1.8,2.24,1.29,1.53,1.22,"",12,75,11,2.6,19,4.5,-4,-0.9,882323,20.6,-105160,-13.9,1621,10.8,140,18.2
"1352",39000,5,"32622",57,0,2017,2,"",31,2334,2338,2340,35415031,2057046,102490,1166,"",2.3,2.68,2.67,2.65,3.44,1.53,2.49,1.29,"",0,0,66,2.9,65,2.9,79,3.5,3122825,9.7,33248,1.6,16513,19.2,70,6.4
"1353",39000,5,"326220",58,0,2017,2,"",31,2334,2338,2340,35415031,2057046,102490,1166,"",2.3,2.68,2.67,2.65,3.44,1.53,2.49,1.29,"",0,0,66,2.9,65,2.9,79,3.5,3122825,9.7,33248,1.6,16513,19.2,70,6.4
"1354",39000,5,"32629",57,0,2017,2,"",129,7943,7949,7981,95478302,9881204,286488,923,"",3.74,3.82,3.81,3.82,4.05,2.96,2.57,1.06,"",-2,-1.5,-54,-0.7,-12,-0.2,-13,-0.2,5339394,5.9,-1239528,-11.1,-52354,-15.5,55,6.3
"1355",39000,5,"326291",58,0,2017,2,"",76,5601,5601,5641,67794191,6444518,168347,929,"",5.3,4.94,4.94,4.97,5.3,3.91,2.82,1.07,"",-1,-1.3,17,0.3,38,0.7,53,0.9,3669230,5.7,-547068,-7.8,-8840,-5,45,5.1
"1356",39000,5,"326299",58,0,2017,2,"",53,2342,2348,2340,27684111,3436686,118141,909,"",2.62,2.47,2.47,2.45,2.56,2.03,2.29,1.04,"",-1,-1.9,-71,-2.9,-50,-2.1,-66,-2.7,1670164,6.4,-692460,-16.8,-43514,-26.9,77,9.3
"1357",39000,5,"327",55,0,2017,2,"",671,27049,27291,27428,377228444,37408311,1758469,1065,"",1.36,1.77,1.76,1.76,1.92,1.2,1.33,1.09,"",-1,-0.1,371,1.4,213,0.8,186,0.7,20581482,5.8,-5024690,-11.8,-10579,-0.6,49,4.8
"1358",39000,5,"3271",56,0,2017,2,"",95,4660,4626,4594,56651673,5511919,205949,942,"",2.26,3.1,3.05,3.03,3.07,2.43,2.48,1,"",-1,-1,4,0.1,-11,-0.2,-45,-1,1040099,1.9,-1392612,-20.2,-54942,-21.1,21,2.3
"1359",39000,5,"32711",57,0,2017,2,"",31,1660,1637,1590,17472513,2289067,77587,825,"",1.39,2.88,2.82,2.73,2.5,2.36,2.89,0.89,"",-1,-3.1,5,0.3,-19,-1.1,-73,-4.4,192137,1.1,-654114,-22.2,-37485,-32.6,23,2.9
"1360",39000,5,"327110",58,0,2017,2,"",31,1660,1637,1590,17472513,2289067,77587,825,"",1.39,2.88,2.82,2.73,2.5,2.36,2.89,0.89,"",-1,-3.1,5,0.3,-19,-1.1,-73,-4.4,192137,1.1,-654114,-22.2,-37485,-32.6,23,2.9
"1361",39000,5,"32712",57,0,2017,2,"",64,3000,2989,3004,39179160,3222852,128362,1005,"",3.23,3.24,3.2,3.21,3.42,2.48,2.29,1.06,"",0,0,-1,0,8,0.3,28,0.9,847962,2.2,-738498,-18.6,-17457,-12,18,1.8
"1362",39000,5,"327120",58,0,2017,2,"",64,3000,2989,3004,39179160,3222852,128362,1005,"",3.23,3.24,3.2,3.21,3.42,2.48,2.29,1.06,"",0,0,-1,0,8,0.3,28,0.9,847962,2.2,-738498,-18.6,-17457,-12,18,1.8
"1363",39000,5,"3272",56,0,2017,2,"",86,8436,8493,8495,117134061,10890881,404574,1063,"",1.53,2.67,2.68,2.67,2.94,1.71,2.24,1.1,"",1,1.2,636,8.2,547,6.9,525,6.6,15323513,15.1,-1408197,-11.4,40374,11.1,72,7.3
"1364",39000,5,"32721",57,0,2017,2,"",86,8436,8493,8495,117134061,10890881,404574,1063,"",1.53,2.67,2.68,2.67,2.94,1.71,2.24,1.1,"",1,1.2,636,8.2,547,6.9,525,6.6,15323513,15.1,-1408197,-11.4,40374,11.1,72,7.3
"1365",39000,5,"327211",58,0,2017,2,"N",4,0,0,0,0,0,0,0,"N",0.8,0,0,0,0,0,0,0,"N",-1,-20,0,0,0,0,0,0,0,0,0,0,0,0,0,0
"1366",39000,5,"327212",58,0,2017,2,"",22,2305,2344,2296,37567812,2362697,86966,1248,"",1.8,4.44,4.49,4.39,5.34,2.53,2.29,1.2,"",1,4.8,-156,-6.3,-120,-4.9,-160,-6.5,2798049,8,-347971,-12.8,-49367,-36.2,161,14.8
"1367",39000,5,"327213",58,0,2017,2,"N",4,0,0,0,0,0,0,0,"N",1.09,0,0,0,0,0,0,0,"N",0,0,0,0,0,0,0,0,0,0,0,0,0,0,0,0
"1368",39000,5,"327215",58,0,2017,2,"",56,4900,4914,4970,58599995,7926608,302482,915,"",1.58,2.9,2.9,2.92,3.06,2.06,2.76,1.05,"",1,1.8,808,19.7,680,16.1,705,16.5,12256591,26.4,-732170,-8.5,91493,43.4,66,7.8
"1369",39000,5,"3273",56,0,2017,2,"",298,5893,5983,6081,74917720,11952914,850010,963,"",1.1,0.82,0.82,0.82,0.79,0.76,0.97,0.96,"",5,1.7,81,1.4,10,0.2,16,0.3,3536454,5,-847157,-6.6,-12989,-1.5,40,4.3
"1370",39000,5,"32731",57,0,2017,2,"",14,241,240,251,4936553,228276,13685,1556,"",1.28,0.47,0.46,0.48,0.51,0.38,0.66,1.08,"",6,75,-53,-18,-60,-20,-51,-16.9,357308,7.8,19909,9.6,-2356,-14.7,377,32
"1371",39000,5,"327310",58,0,2017,2,"",14,241,240,251,4936553,228276,13685,1556,"",1.28,0.47,0.46,0.48,0.51,0.38,0.66,1.08,"",6,75,-53,-18,-60,-20,-51,-16.9,357308,7.8,19909,9.6,-2356,-14.7,377,32
"1372",39000,5,"32732",57,0,2017,2,"",169,2908,3007,3059,37988894,7352821,623586,977,"",1.05,0.82,0.82,0.83,0.8,0.81,1.03,0.97,"",-1,-0.6,27,0.9,-3,-0.1,7,0.2,1154810,3.1,-637778,-8,-11601,-1.8,27,2.8
"1373",39000,5,"327320",58,0,2017,2,"",169,2908,3007,3059,37988894,7352821,623586,977,"",1.05,0.82,0.82,0.83,0.8,0.81,1.03,0.97,"",-1,-0.6,27,0.9,-3,-0.1,7,0.2,1154810,3.1,-637778,-8,-11601,-1.8,27,2.8
"1374",39000,5,"32733",57,0,2017,2,"",43,1071,1075,1089,12295313,1984941,126209,877,"",1.24,1.04,1.03,1.04,0.96,0.99,1.28,0.93,"",-1,-2.3,27,2.6,17,1.6,20,1.9,1045533,9.3,-130812,-6.2,-2344,-1.8,58,7.1
"1375",39000,5,"327331",58,0,2017,2,"",37,1015,1016,1027,11628278,1840693,118115,878,"",1.4,1.37,1.36,1.36,1.28,1.3,1.81,0.94,"",-1,-2.6,14,1.4,2,0.2,3,0.3,822482,7.6,-222168,-10.8,-7251,-5.8,57,6.9
"1376",39000,5,"327332",58,0,2017,2,"",6,56,59,62,667035,144248,8094,870,"",0.72,0.19,0.2,0.21,0.18,0.25,0.24,0.89,"",0,0,13,30.2,15,34.1,17,37.8,223051,50.2,91356,172.7,4907,154,94,12.1
"1377",39000,5,"32739",57,0,2017,2,"",72,1673,1661,1682,19696960,2386876,86530,906,"",1.11,0.81,0.79,0.79,0.78,0.59,0.57,0.98,"",1,1.4,80,5,56,3.5,40,2.4,978803,5.2,-98476,-4,3312,4,14,1.6
"1378",39000,5,"327390",58,0,2017,2,"",72,1673,1661,1682,19696960,2386876,86530,906,"",1.11,0.81,0.79,0.79,0.78,0.59,0.57,0.98,"",1,1.4,80,5,56,3.5,40,2.4,978803,5.2,-98476,-4,3312,4,14,1.6
"1379",39000,5,"3274",56,0,2017,2,"",17,618,614,640,10255333,412720,20186,1264,"",1.51,1.14,1.13,1.17,1.25,0.38,0.85,1.09,"",-1,-5.6,7,1.1,2,0.3,26,4.2,274408,2.7,-38275,-8.5,497,2.5,10,0.8
"1380",39000,5,"32741",57,0,2017,2,"N",8,0,0,0,0,0,0,0,"N",2.85,0,0,0,0,0,0,0,"N",0,0,0,0,0,0,0,0,0,0,0,0,0,0,0,0
"1381",39000,5,"327410",58,0,2017,2,"N",8,0,0,0,0,0,0,0,"N",2.85,0,0,0,0,0,0,0,"N",0,0,0,0,0,0,0,0,0,0,0,0,0,0,0,0
"1382",39000,5,"32742",57,0,2017,2,"N",9,0,0,0,0,0,0,0,"N",1.07,0,0,0,0,0,0,0,"N",-1,-10,0,0,0,0,0,0,0,0,0,0,0,0,0,0
"1383",39000,5,"327420",58,0,2017,2,"N",9,0,0,0,0,0,0,0,"N",1.07,0,0,0,0,0,0,0,"N",-1,-10,0,0,0,0,0,0,0,0,0,0,0,0,0,0
"1384",39000,5,"3279",56,0,2017,2,"",175,7442,7575,7618,118269657,8639877,277750,1206,"",1.55,2.56,2.58,2.57,3.38,1.51,1.76,1.31,"",-5,-2.8,-357,-4.6,-335,-4.2,-336,-4.2,407008,0.3,-1338449,-13.4,16481,6.3,57,5
"1385",39000,5,"32791",57,0,2017,2,"",27,1248,1257,1260,18581415,1586795,41095,1139,"",2.76,3.25,3.24,3.23,3.74,2.5,2.65,1.15,"",-3,-10,-125,-9.1,-117,-8.5,-111,-8.1,-321051,-1.7,-441433,-21.8,5096,14.2,80,7.6
"1386",39000,5,"327910",58,0,2017,2,"",27,1248,1257,1260,18581415,1586795,41095,1139,"",2.76,3.25,3.24,3.23,3.74,2.5,2.65,1.15,"",-3,-10,-125,-9.1,-117,-8.5,-111,-8.1,-321051,-1.7,-441433,-21.8,5096,14.2,80,7.6
"1387",39000,5,"32799",57,0,2017,2,"",148,6194,6318,6358,99688242,7053082,236655,1219,"",1.44,2.46,2.48,2.47,3.32,1.39,1.66,1.34,"",-2,-1.3,-232,-3.6,-218,-3.3,-225,-3.4,728059,0.7,-897016,-11.3,11385,5.1,51,4.4
"1388",39000,5,"327991",58,0,2017,2,"",88,1399,1449,1470,15455751,2981922,111706,826,"",1.19,1.15,1.17,1.18,1.29,1.01,1.29,1.11,"",0,0,98,7.5,123,9.3,120,8.9,1840011,13.5,183783,6.6,13503,13.8,36,4.6
"1389",39000,5,"327992",58,0,2017,2,"",6,102,99,100,1260887,67335,1743,967,"",1.34,0.46,0.44,0.44,0.35,0.16,0.2,0.79,"",-1,-14.3,-14,-12.1,-16,-13.9,-17,-14.5,-183391,-12.7,-50329,-42.8,-3992,-69.6,9,0.9
"1390",39000,5,"327993",58,0,2017,2,"",30,3862,3931,3930,68891647,2886188,80546,1356,"",3.32,6.18,6.24,6.24,8.05,4.89,4.27,1.29,"",-1,-3.2,25,0.7,28,0.7,29,0.7,1450357,2.2,-206756,-6.7,14373,21.7,19,1.4
"1391",39000,5,"327999",58,0,2017,2,"",24,831,839,858,14079957,1117637,42660,1285,"",1.58,1.84,1.83,1.84,2.38,1.02,1.51,1.29,"",0,0,-341,-29.1,-353,-29.6,-357,-29.4,-2378918,-14.5,-823714,-42.4,-12499,-22.7,224,21.1
"1392",39000,5,"331",55,0,2017,2,"",462,35836,35805,36133,590400375,31828848,1280730,1264,"",2.78,2.62,2.6,2.61,2.92,1.6,1.98,1.12,"",6,1.3,-1538,-4.1,-1131,-3.1,-783,-2.1,-5516324,-0.9,-5244346,-14.1,-159968,-11.1,28,2.3
"1393",39000,5,"3311",56,0,2017,2,"",63,7607,7630,7724,155187583,3609360,163771,1560,"",2.3,2.54,2.53,2.54,2.8,1.78,1.92,1.1,"",3,5,-203,-2.6,-131,-1.7,-36,-0.5,2372148,1.6,18108,0.5,-22886,-12.3,48,3.2
"1394",39000,5,"33111",57,0,2017,2,"",63,7607,7630,7724,155187583,3609360,163771,1560,"",2.3,2.54,2.53,2.54,2.8,1.78,1.92,1.1,"",3,5,-203,-2.6,-131,-1.7,-36,-0.5,2372148,1.6,18108,0.5,-22886,-12.3,48,3.2
"1395",39000,5,"331110",58,0,2017,2,"",63,7607,7630,7724,155187583,3609360,163771,1560,"",2.3,2.54,2.53,2.54,2.8,1.78,1.92,1.1,"",3,5,-203,-2.6,-131,-1.7,-36,-0.5,2372148,1.6,18108,0.5,-22886,-12.3,48,3.2
"1396",39000,5,"3312",56,0,2017,2,"",106,8061,8066,8171,140307606,6656894,283534,1333,"",3.13,3.92,3.92,3.94,4.77,2.47,3.13,1.22,"",6,6,694,9.4,718,9.8,823,11.2,15966608,12.8,-447470,-6.3,34992,14.1,32,2.5
"1397",39000,5,"33121",57,0,2017,2,"",40,3478,3489,3544,59395184,2692852,145311,1304,"",2.77,3.69,3.71,3.71,4.41,2.18,2.88,1.19,"",3,8.1,787,29.2,814,30.4,839,31,18408106,44.9,695924,34.8,65705,82.5,132,11.3
"1398",39000,5,"331210",58,0,2017,2,"",40,3478,3489,3544,59395184,2692852,145311,1304,"",2.77,3.69,3.71,3.71,4.41,2.18,2.88,1.19,"",3,8.1,787,29.2,814,30.4,839,31,18408106,44.9,695924,34.8,65705,82.5,132,11.3
"1399",39000,5,"33122",57,0,2017,2,"",66,4583,4577,4627,80912422,3964042,138223,1354,"",3.4,4.11,4.09,4.13,5.07,2.72,3.45,1.23,"",3,4.8,-93,-2,-96,-2.1,-16,-0.3,-2441498,-2.9,-1143394,-22.4,-30713,-18.2,-21,-1.5
"1400",39000,5,"331221",58,0,2017,2,"",46,3722,3719,3766,70812156,2562589,95445,1458,"",3.91,5.17,5.15,5.2,6.27,2.87,4.22,1.21,"",0,0,-40,-1.1,-55,-1.5,15,0.4,-2543798,-3.5,-901930,-26,-33274,-25.9,-42,-2.8
"1401",39000,5,"331222",58,0,2017,2,"",20,861,858,861,10100266,1401453,42778,903,"",2.61,2.17,2.16,2.17,2.16,2.48,2.45,1,"",3,17.6,-53,-5.8,-41,-4.6,-31,-3.5,102300,1,-241464,-14.7,2561,6.4,50,5.9
"1402",39000,5,"3313",56,0,2017,2,"",49,3655,3639,3676,45246130,5545294,198266,952,"",2.55,1.71,1.7,1.71,1.46,1.68,2.67,0.86,"",3,6.5,388,11.9,367,11.2,393,12,4108227,10,-466180,-7.8,-1649,-0.8,-15,-1.6
"1403",39000,5,"33131",57,0,2017,2,"",49,3655,3639,3676,45246130,5545294,198266,952,"",2.55,1.71,1.7,1.71,1.46,1.68,2.67,0.86,"",3,6.5,388,11.9,367,11.2,393,12,4108227,10,-466180,-7.8,-1649,-0.8,-15,-1.6
"1404",39000,5,"331313",58,0,2017,2,"",10,605,611,627,5174862,1310028,43252,648,"",2.99,2.16,2.19,2.25,1.12,3.18,5.14,0.51,"",2,25,50,9,62,11.3,73,13.2,440718,9.3,-220099,-14.4,6103,16.4,-11,-1.7
"1405",39000,5,"331314",58,0,2017,2,"",8,318,313,317,3654464,526517,17077,890,"",2.33,1.58,1.53,1.55,1.47,2.17,2.45,0.95,"",0,0,17,5.6,16,5.4,21,7.1,60657,1.7,-96262,-15.5,7061,70.5,-38,-4.1
"1406",39000,5,"331315",58,0,2017,2,"",6,437,439,427,8653314,325701,12870,1533,"",1.59,0.73,0.72,0.7,0.8,0.25,0.75,1.11,"",0,0,8,1.9,11,2.6,4,0.9,209868,2.5,22640,7.5,-1535,-10.7,11,0.7
"1407",39000,5,"331318",58,0,2017,2,"",25,2295,2276,2305,27763490,3383048,125067,932,"",2.9,2.19,2.16,2.19,2.15,2.55,3.01,0.99,"",1,4.2,313,15.8,278,13.9,295,14.7,3396984,13.9,-172459,-4.9,-13278,-9.6,-7,-0.7
"1408",39000,5,"3314",56,0,2017,2,"",51,5021,4983,5003,86190555,2959318,169265,1325,"",1.72,2.28,2.26,2.26,2.68,0.83,1.69,1.18,"",-6,-10.5,-636,-11.2,-698,-12.3,-756,-13.1,-13856396,-13.8,-830073,-21.9,-23090,-12,-25,-1.9
"1409",39000,5,"33141",57,0,2017,2,"N",4,0,0,0,0,0,0,0,"N",1.06,0,0,0,0,0,0,0,"N",-1,-20,0,0,0,0,0,0,0,0,0,0,0,0,0,0
"1410",39000,5,"331410",58,0,2017,2,"N",4,0,0,0,0,0,0,0,"N",1.06,0,0,0,0,0,0,0,"N",-1,-20,0,0,0,0,0,0,0,0,0,0,0,0,0,0
"1411",39000,5,"33142",57,0,2017,2,"",19,2276,2252,2259,37432113,1389654,68847,1273,"",1.91,2.22,2.19,2.19,2.66,0.99,1.61,1.21,"",-2,-9.5,-684,-23.1,-727,-24.4,-765,-25.3,-12311383,-24.7,-671554,-32.6,-38579,-35.9,-8,-0.6
"1412",39000,5,"331420",58,0,2017,2,"",19,2276,2252,2259,37432113,1389654,68847,1273,"",1.91,2.22,2.19,2.19,2.66,0.99,1.61,1.21,"",-2,-9.5,-684,-23.1,-727,-24.4,-765,-25.3,-12311383,-24.7,-671554,-32.6,-38579,-35.9,-8,-0.6
"1413",39000,5,"33149",57,0,2017,2,"N",28,0,0,0,0,0,0,0,"N",1.75,0,0,0,0,0,0,0,"N",-3,-9.7,0,0,0,0,0,0,0,0,0,0,0,0,0,0
"1414",39000,5,"331491",58,0,2017,2,"",16,1636,1637,1666,33426724,885858,65589,1562,"",1.89,3.28,3.28,3.32,4.24,1.26,3.51,1.29,"",1,6.7,152,10.2,140,9.4,141,9.2,2442275,7.9,59906,7.3,11374,21,-25,-1.6
"1415",39000,5,"331492",58,0,2017,2,"N",12,0,0,0,0,0,0,0,"N",1.59,0,0,0,0,0,0,0,"N",-4,-25,0,0,0,0,0,0,0,0,0,0,0,0,0,0
"1416",39000,5,"3315",56,0,2017,2,"",193,11492,11487,11559,163468501,13057982,465894,1092,"",3.45,2.67,2.66,2.66,3,1.58,1.57,1.13,"",0,0,-1781,-13.4,-1387,-10.8,-1207,-9.5,-14106911,-7.9,-3518731,-21.2,-147335,-24,39,3.7
"1417",39000,5,"33151",57,0,2017,2,"",79,4879,4887,4913,80871757,4099691,191699,1271,"",3.26,2.18,2.17,2.16,2.67,1,1.16,1.23,"",-4,-4.8,-1688,-25.7,-1348,-21.6,-1170,-19.2,-17482329,-17.8,-3247208,-44.2,-153033,-44.4,69,5.7
"1418",39000,5,"331511",58,0,2017,2,"",45,3399,3420,3450,59498819,2229383,103371,1337,"",3.61,2.59,2.59,2.57,3.26,1.26,1.53,1.26,"",-5,-10,-333,-8.9,-228,-6.2,-185,-5.1,-7637503,-11.4,-1229627,-35.5,-72783,-41.3,-70,-5
"1419",39000,5,"331512",58,0,2017,2,"",9,657,656,657,7818602,1010508,29564,916,"",2.66,1.47,1.46,1.46,1.37,0.73,0.6,0.94,"",0,0,-125,-16,-121,-15.6,-33,-4.8,-1239123,-13.7,-152644,-13.1,6321,27.2,-13,-1.4
"1420",39000,5,"331513",58,0,2017,2,"",25,823,811,806,13554336,859800,58764,1282,"",2.97,1.73,1.69,1.67,2.14,0.91,1.22,1.26,"",1,4.2,-1230,-59.9,-999,-55.2,-952,-54.2,-8605703,-38.8,-1864937,-68.4,-86571,-59.6,372,40.9
"1421",39000,5,"33152",57,0,2017,2,"",114,6613,6600,6646,82596744,8958291,274195,960,"",3.61,3.19,3.18,3.2,3.42,2.14,2.09,1.07,"",4,3.6,-93,-1.4,-39,-0.6,-37,-0.6,3375418,4.3,-271523,-2.9,5698,2.1,47,5.1
"1422",39000,5,"331523",58,0,2017,2,"",23,2092,2096,2103,23489990,3137567,89186,862,"",2.39,2.15,2.16,2.18,2.17,1.82,1.8,1,"",1,4.5,30,1.5,48,2.3,1,0,859733,3.8,-355294,-10.2,-1495,-1.6,21,2.5
"1423",39000,5,"331524",58,0,2017,2,"",58,2552,2526,2538,26750090,3831736,121806,811,"",4.5,3.99,3.95,3.94,3.61,3.1,3.22,0.91,"",3,5.5,-241,-8.6,-219,-8,-190,-7,686130,2.6,-365012,-8.7,3824,3.2,83,11.4
"1424",39000,5,"331529",58,0,2017,2,"",33,1969,1978,2005,32356664,1988988,63203,1255,"",3.63,4.29,4.28,4.31,5.49,1.63,1.44,1.28,"",0,0,118,6.4,132,7.2,152,8.2,1829555,6,448783,29.1,3369,5.6,-14,-1.1
"1425",39000,5,"332",55,0,2017,2,"",3574,97784,98119,99238,1307457726,116119287,3839050,1022,"",2.04,1.86,1.85,1.86,2.04,1.26,1.32,1.1,"",-46,-1.3,-689,-0.7,-252,-0.3,609,0.6,43779744,3.5,-6157748,-5,558838,17,35,3.5
"1426",39000,5,"3321",56,0,2017,2,"",220,9878,9889,9981,137184709,11313710,365232,1064,"",3.17,2.73,2.72,2.73,3.03,2.12,1.89,1.11,"",-11,-4.8,-67,-0.7,-42,-0.4,11,0.1,6614129,5.1,-448685,-3.8,38657,11.8,54,5.3
"1427",39000,5,"33211",57,0,2017,2,"",220,9878,9889,9981,137184709,11313710,365232,1064,"",3.17,2.73,2.72,2.73,3.03,2.12,1.89,1.11,"",-11,-4.8,-67,-0.7,-42,-0.4,11,0.1,6614129,5.1,-448685,-3.8,38657,11.8,54,5.3
"1428",39000,5,"332111",58,0,2017,2,"",49,3165,3164,3175,47010615,2636449,133843,1141,"",3.3,3.93,3.92,3.91,4.15,3.23,3.08,1.06,"",-2,-3.9,-4,-0.1,13,0.4,23,0.7,2801255,6.3,172014,7,33417,33.3,64,5.9
"1429",39000,5,"332112",58,0,2017,2,"N",5,0,0,0,0,0,0,0,"N",1.76,0,0,0,0,0,0,0,"N",-1,-16.7,0,0,0,0,0,0,0,0,0,0,0,0,0,0
"1430",39000,5,"332114",58,0,2017,2,"",8,457,455,459,4730903,668516,18283,796,"",1.73,1.89,1.9,1.91,1.54,3.19,2.14,0.81,"",0,0,49,12,45,11,46,11.1,-5201,-0.1,192423,40.4,5744,45.8,-92,-10.4
"1431",39000,5,"332117",58,0,2017,2,"N",6,0,0,0,0,0,0,0,"N",1.31,0,0,0,0,0,0,0,"N",0,0,0,0,0,0,0,0,0,0,0,0,0,0,0,0
"1432",39000,5,"332119",58,0,2017,2,"",152,5121,5113,5173,62386480,7170733,189133,934,"",3.58,2.64,2.63,2.64,2.74,1.99,1.77,1.04,"",-8,-5,-139,-2.6,-148,-2.8,-111,-2.1,1675504,2.8,-1105030,-13.4,-9142,-4.6,48,5.4
"1433",39000,5,"3322",56,0,2017,2,"",83,3500,3499,3573,44948720,3938470,90035,981,"",2.05,2.52,2.51,2.54,2.55,1.37,1.09,1.01,"",-3,-3.5,-106,-2.9,-88,-2.5,-22,-0.6,-74590,-0.2,-747089,-15.9,-22435,-19.9,18,1.9
"1434",39000,5,"33221",57,0,2017,2,"",83,3500,3499,3573,44948720,3938470,90035,981,"",2.05,2.52,2.51,2.54,2.55,1.37,1.09,1.01,"",-3,-3.5,-106,-2.9,-88,-2.5,-22,-0.6,-74590,-0.2,-747089,-15.9,-22435,-19.9,18,1.9
"1435",39000,5,"332215",58,0,2017,2,"",17,535,539,553,5921505,894546,18104,840,"",2.24,1.49,1.5,1.52,1.17,1.26,0.86,0.78,"",1,6.2,34,6.8,32,6.3,44,8.6,441836,8.1,-23565,-2.6,6185,51.9,6,0.7
"1436",39000,5,"332216",58,0,2017,2,"",66,2965,2960,3020,39027215,3043924,71931,1007,"",2.01,2.88,2.86,2.9,3.1,1.41,1.17,1.08,"",-4,-5.7,-140,-4.5,-120,-3.9,-66,-2.1,-516426,-1.3,-723524,-19.2,-28620,-28.5,23,2.3
"1437",39000,5,"3323",56,0,2017,2,"",673,17057,17180,17456,206582062,20711130,750023,922,"",1.52,1.23,1.23,1.24,1.29,0.79,0.89,1.04,"",6,0.9,-152,-0.9,-71,-0.4,34,0.2,2845043,1.4,-3346847,-13.9,-12442,-1.6,16,1.8
"1438",39000,5,"33231",57,0,2017,2,"",355,7116,7135,7263,86898998,9260234,366235,932,"",1.93,1.18,1.18,1.19,1.18,0.85,1,1,"",7,2,-6,-0.1,25,0.4,100,1.4,1987055,2.3,-311670,-3.3,29942,8.9,16,1.7
"1439",39000,5,"332311",58,0,2017,2,"",32,737,749,752,8925479,1244830,37480,920,"",1.08,0.66,0.67,0.66,0.68,0.62,0.57,1.03,"",1,3.2,102,16.1,120,19.1,111,17.3,1656739,22.8,157692,14.5,2552,7.3,39,4.4
"1440",39000,5,"332312",58,0,2017,2,"",203,3676,3683,3748,44548980,4928838,200306,926,"",2.01,1.12,1.12,1.14,1.12,0.8,1.01,0.99,"",6,3,82,2.3,93,2.6,113,3.1,1867922,4.4,-98020,-1.9,20095,11.2,16,1.8
"1441",39000,5,"332313",58,0,2017,2,"",120,2703,2703,2763,33424539,3086566,128449,944,"",2.26,1.66,1.65,1.68,1.63,1.12,1.26,0.98,"",0,0,-190,-6.6,-188,-6.5,-124,-4.3,-1537606,-4.4,-371342,-10.7,7295,6,14,1.5
"1442",39000,5,"33232",57,0,2017,2,"",318,9941,10045,10193,119683064,11450896,383788,915,"",1.23,1.27,1.27,1.28,1.38,0.75,0.8,1.08,"",-1,-0.3,-146,-1.4,-96,-0.9,-66,-0.6,857988,0.7,-3035177,-21,-42384,-9.9,16,1.8
"1443",39000,5,"332321",58,0,2017,2,"",46,4077,4189,4259,49488326,4321929,136459,912,"",1.17,1.77,1.79,1.8,2.01,1.11,1.15,1.13,"",-2,-4.2,-169,-4,-104,-2.4,-110,-2.5,-1179329,-2.3,-2194099,-33.7,-61405,-31,6,0.7
"1444",39000,5,"332322",58,0,2017,2,"",201,4218,4202,4264,48890025,5284439,183077,889,"",1.53,1.05,1.04,1.05,1.08,0.63,0.71,1.03,"",1,0.5,56,1.3,50,1.2,64,1.5,2165878,4.6,-748559,-12.4,-2354,-1.3,27,3.1
"1445",39000,5,"332323",58,0,2017,2,"",71,1646,1654,1670,21304713,1844528,64252,989,"",0.81,1.11,1.11,1.11,1.27,0.61,0.64,1.14,"",0,0,-33,-2,-42,-2.5,-20,-1.2,-128561,-0.6,-92519,-4.8,21375,49.9,12,1.2
"1446",39000,5,"3324",56,0,2017,2,"",115,7718,7744,7835,124411095,6972382,283978,1232,"",1.93,2.33,2.33,2.34,2.7,1.25,1.52,1.16,"",-3,-2.5,-10,-0.1,34,0.4,129,1.7,-3995941,-3.1,576893,9,76008,36.5,-48,-3.8
"1447",39000,5,"33241",57,0,2017,2,"",22,1286,1281,1311,25885392,819447,25990,1540,"",1.85,1.74,1.73,1.76,2.25,0.78,0.69,1.29,"",0,0,-189,-12.8,-181,-12.4,-145,-10,-3210263,-11,-169849,-17.2,-5070,-16.3,12,0.8
"1448",39000,5,"332410",58,0,2017,2,"",22,1286,1281,1311,25885392,819447,25990,1540,"",1.85,1.74,1.73,1.76,2.25,0.78,0.69,1.29,"",0,0,-189,-12.8,-181,-12.4,-145,-10,-3210263,-11,-169849,-17.2,-5070,-16.3,12,0.8
"1449",39000,5,"33242",57,0,2017,2,"",38,2714,2735,2784,42703499,2122370,87769,1197,"",1.39,2.13,2.13,2.15,2.55,0.89,1.01,1.19,"",0,0,-72,-2.6,-27,-1,-5,-0.2,-4128296,-8.8,82376,4,29201,49.9,-99,-7.6
"1450",39000,5,"332420",58,0,2017,2,"",38,2714,2735,2784,42703499,2122370,87769,1197,"",1.39,2.13,2.13,2.15,2.55,0.89,1.01,1.19,"",0,0,-72,-2.6,-27,-1,-5,-0.2,-4128296,-8.8,82376,4,29201,49.9,-99,-7.6
"1451",39000,5,"33243",57,0,2017,2,"",55,3718,3728,3740,55822204,4030565,170219,1152,"",2.69,2.87,2.86,2.86,3.13,1.89,2.72,1.09,"",-3,-5.2,251,7.2,242,6.9,279,8.1,3342618,6.4,664366,19.7,51877,43.8,-11,-0.9
"1452",39000,5,"332431",58,0,2017,2,"",21,2547,2563,2575,41426544,2502429,117765,1244,"",3.24,3.52,3.54,3.56,3.73,2.78,5,1.05,"",-1,-4.5,161,6.7,173,7.2,175,7.3,1316591,3.3,1068367,74.5,62984,115,-46,-3.6
"1453",39000,5,"332439",58,0,2017,2,"",34,1171,1165,1165,14395660,1528136,52454,949,"",2.44,2.04,2.02,2,2.14,1.24,1.35,1.06,"",-2,-5.6,90,8.3,69,6.3,104,9.8,2026027,16.4,-404001,-20.9,-11107,-17.5,67,7.6
"1454",39000,5,"3325",56,0,2017,2,"",28,1125,1125,1111,12946026,1544655,48705,889,"",1.33,1.22,1.22,1.19,1.11,0.91,1.22,0.92,"",-1,-3.4,-14,-1.2,-19,-1.7,-40,-3.5,402147,3.2,-156002,-9.2,7449,18.1,46,5.5
"1455",39000,5,"33251",57,0,2017,2,"",28,1125,1125,1111,12946026,1544655,48705,889,"",1.33,1.22,1.22,1.19,1.11,0.91,1.22,0.92,"",-1,-3.4,-14,-1.2,-19,-1.7,-40,-3.5,402147,3.2,-156002,-9.2,7449,18.1,46,5.5
"1456",39000,5,"332510",58,0,2017,2,"",28,1125,1125,1111,12946026,1544655,48705,889,"",1.33,1.22,1.22,1.19,1.11,0.91,1.22,0.92,"",-1,-3.4,-14,-1.2,-19,-1.7,-40,-3.5,402147,3.2,-156002,-9.2,7449,18.1,46,5.5
"1457",39000,5,"3326",56,0,2017,2,"",79,2655,2658,2691,29756361,3808137,107817,858,"",1.93,1.65,1.64,1.65,1.62,1.35,1.2,0.98,"",-3,-3.7,124,4.9,118,4.6,132,5.2,637290,2.2,-292738,-7.1,14306,15.3,-23,-2.6
"1458",39000,5,"33261",57,0,2017,2,"",79,2655,2658,2691,29756361,3808137,107817,858,"",1.93,1.65,1.64,1.65,1.62,1.35,1.2,0.98,"",-3,-3.7,124,4.9,118,4.6,132,5.2,637290,2.2,-292738,-7.1,14306,15.3,-23,-2.6
"1459",39000,5,"332613",58,0,2017,2,"",42,1336,1338,1346,14958331,1969466,48081,859,"",3.18,2.06,2.05,2.05,1.89,2.25,1.68,0.92,"",-1,-2.3,27,2.1,25,1.9,15,1.1,807393,5.7,-213083,-9.8,3865,8.7,33,4
"1460",39000,5,"332618",58,0,2017,2,"",37,1319,1320,1345,14798030,1838671,59736,857,"",1.33,1.38,1.37,1.38,1.41,0.94,0.98,1.03,"",-2,-5.1,97,7.9,93,7.6,117,9.5,-170103,-1.1,-79655,-4.2,10441,21.2,-82,-8.7
"1461",39000,5,"3327",56,0,2017,2,"",1549,24933,24928,25130,317546118,29301556,970088,977,"",2.32,1.92,1.9,1.9,2.05,1.29,1.34,1.07,"",-14,-0.9,63,0.3,145,0.6,415,1.7,14799027,4.9,-1851419,-5.9,176034,22.2,38,4
"1462",39000,5,"33271",57,0,2017,2,"",1364,17245,17251,17382,215381457,20774226,720798,958,"",2.26,1.71,1.7,1.7,1.82,1.12,1.23,1.07,"",-11,-0.8,114,0.7,183,1.1,400,2.4,9537156,4.6,-985960,-4.5,132832,22.6,30,3.2
"1463",39000,5,"332710",58,0,2017,2,"",1364,17245,17251,17382,215381457,20774226,720798,958,"",2.26,1.71,1.7,1.7,1.82,1.12,1.23,1.07,"",-11,-0.8,114,0.7,183,1.1,400,2.4,9537156,4.6,-985960,-4.5,132832,22.6,30,3.2
"1464",39000,5,"33272",57,0,2017,2,"",185,7688,7677,7748,102164661,8527330,249290,1020,"",2.92,2.62,2.6,2.61,2.8,2.06,1.82,1.07,"",-3,-1.6,-51,-0.7,-38,-0.5,15,0.2,5261871,5.4,-865459,-9.2,43202,21,56,5.8
"1465",39000,5,"332721",58,0,2017,2,"",112,4209,4207,4242,52324976,5033854,151061,954,"",2.82,2.86,2.84,2.85,3.09,1.92,1.75,1.08,"",0,0,-63,-1.5,-46,-1.1,-28,-0.7,4510630,9.4,-575535,-10.3,34534,29.6,92,10.7
"1466",39000,5,"332722",58,0,2017,2,"",73,3479,3470,3506,49839685,3493476,98229,1100,"",3.08,2.38,2.36,2.38,2.55,2.31,1.94,1.08,"",-3,-3.9,12,0.3,8,0.2,43,1.2,751241,1.5,-289924,-7.7,8668,9.7,10,0.9
"1467",39000,5,"3328",56,0,2017,2,"",483,12688,12748,12911,146923654,19867427,586037,884,"",2.52,2.51,2.51,2.53,2.7,2.26,2.04,1.07,"",2,0.4,-16,-0.1,-11,-0.1,112,0.9,1667918,1.1,-1772320,-8.2,60790,11.6,8,0.9
"1468",39000,5,"33281",57,0,2017,2,"",483,12688,12748,12911,146923654,19867427,586037,884,"",2.52,2.51,2.51,2.53,2.7,2.26,2.04,1.07,"",2,0.4,-16,-0.1,-11,-0.1,112,0.9,1667918,1.1,-1772320,-8.2,60790,11.6,8,0.9
"1469",39000,5,"332811",58,0,2017,2,"",87,1991,2010,2031,25770378,2375519,71660,986,"",4.09,2.84,2.84,2.87,2.82,2.54,2.12,0.99,"",2,2.4,-43,-2.1,-24,-1.2,-45,-2.2,266714,1,-504815,-17.5,743,1,28,2.9
"1470",39000,5,"332812",58,0,2017,2,"",171,4153,4187,4231,49065688,6467985,190217,901,"",1.92,1.96,1.96,1.97,2.17,1.67,1.5,1.11,"",6,3.6,-46,-1.1,-67,-1.6,20,0.5,-308848,-0.6,-719179,-10,17754,10.3,1,0.1
"1471",39000,5,"332813",58,0,2017,2,"",225,6544,6551,6649,72087588,11023923,324160,843,"",2.76,2.94,2.93,2.96,3.17,2.76,2.56,1.08,"",-6,-2.6,73,1.1,80,1.2,137,2.1,1710052,2.4,-548326,-4.7,42293,15,8,1
"1472",39000,5,"3329",56,0,2017,2,"",344,18230,18348,18550,287158981,18661820,637135,1202,"",1.58,1.85,1.85,1.85,2.17,1.15,1.35,1.17,"",-19,-5.2,-511,-2.7,-318,-1.7,-162,-0.9,20884721,7.8,1880459,11.2,220471,52.9,107,9.8
"1473",39000,5,"33291",57,0,2017,2,"",87,7444,7484,7591,117835745,5989615,142166,1208,"",1.74,2.36,2.36,2.37,2.6,1.24,1.23,1.1,"",-2,-2.2,-178,-2.3,-82,-1.1,34,0.4,8852183,8.1,618022,11.5,41368,41,102,9.2
"1474",39000,5,"332911",58,0,2017,2,"",22,590,594,595,10824945,522812,17636,1404,"",1.2,0.65,0.65,0.65,0.8,0.28,0.4,1.23,"",-2,-8.3,-56,-8.7,-35,-5.6,-35,-5.6,-570998,-5,-29419,-5.3,-6683,-27.5,24,1.7
"1475",39000,5,"332912",58,0,2017,2,"",46,3964,3981,4029,64202640,2854455,73456,1237,"",2.78,3.1,3.1,3.11,3.34,1.98,2.03,1.07,"",1,2.2,-20,-0.5,1,0,58,1.5,3220048,5.3,252882,9.7,24360,49.6,58,4.9
"1476",39000,5,"332913",58,0,2017,2,"",5,1080,1090,1107,16840393,784091,11173,1186,"",0.9,2.63,2.64,2.67,3.41,1.23,0.81,1.29,"",0,0,-50,-4.4,-35,-3.1,-12,-1.1,2692751,19,232282,42.1,6054,118.3,218,22.5
"1477",39000,5,"332919",58,0,2017,2,"",14,1810,1819,1860,25967767,1828257,39901,1092,"",1.47,3.25,3.25,3.26,3.48,2.06,1.86,1.07,"",-1,-6.7,-52,-2.8,-13,-0.7,23,1.3,3510382,15.6,162277,9.7,17637,79.2,155,16.5
"1478",39000,5,"33299",57,0,2017,2,"",257,10786,10864,10959,169323236,12672205,494969,1198,"",1.53,1.61,1.61,1.61,1.94,1.12,1.39,1.21,"",-17,-6.2,-333,-3,-236,-2.1,-196,-1.8,12032538,7.6,1262437,11.1,179103,56.7,110,10.1
"1479",39000,5,"332991",58,0,2017,2,"",20,3513,3560,3595,78473559,2734667,162172,1698,"",2.89,3.68,3.71,3.74,5.68,2.26,4.11,1.53,"",0,0,-300,-7.9,-240,-6.3,-214,-5.6,12789939,19.5,1527908,126.6,107187,194.9,371,28
"1480",39000,5,"332992",58,0,2017,2,"",8,224,223,222,1763276,378867,16028,608,"",1.56,0.53,0.53,0.53,0.33,0.3,0.88,0.63,"",1,14.3,58,34.9,51,29.7,48,27.6,-69437,-3.8,33191,9.6,1740,12.2,-218,-26.4
"1481",39000,5,"332993",58,0,2017,2,"N",2,0,0,0,0,0,0,0,"N",0.95,0,0,0,0,0,0,0,"N",-1,-33.3,0,0,0,0,0,0,0,0,0,0,0,0,0,0
"1482",39000,5,"332994",58,0,2017,2,"N",22,0,0,0,0,0,0,0,"N",1.3,0,0,0,0,0,0,0,"N",4,22.2,0,0,0,0,0,0,0,0,0,0,0,0,0,0
"1483",39000,5,"332996",58,0,2017,2,"",37,1222,1241,1257,15951570,1544567,55368,990,"",1.32,1.04,1.04,1.04,1.04,0.84,0.71,1,"",-8,-17.8,-25,-2,1,0.1,24,1.9,288076,1.8,125477,8.8,20806,60.2,18,1.9
"1484",39000,5,"332999",58,0,2017,2,"",168,5199,5203,5244,63928129,7457216,248982,943,"",1.54,1.79,1.77,1.76,1.86,1.37,1.57,1.05,"",-13,-7.2,-86,-1.6,-91,-1.7,-117,-2.2,-451912,-0.7,-378262,-4.8,51652,26.2,11,1.2
"1485",39000,5,"333",55,0,2017,2,"",1855,77389,77596,78358,1171572785,68736541,2173552,1159,"",2.04,1.95,1.94,1.94,1.95,1.01,1,1.01,"",-7,-0.4,280,0.4,675,0.9,1223,1.6,65333578,5.9,-4755485,-6.5,301436,16.1,55,5
"1486",39000,5,"3331",56,0,2017,2,"",112,6444,6320,6339,79979065,5703578,286543,966,"",0.89,0.86,0.84,0.84,0.69,0.37,0.42,0.82,"",-1,-0.9,-83,-1.3,-121,-1.9,117,1.9,2651204,3.4,-1131491,-16.6,8633,3.1,36,3.9
"1487",39000,5,"33311",57,0,2017,2,"",37,3002,2903,2888,33659498,2426004,124573,883,"",0.73,1.06,1.03,1.02,0.99,0.33,0.36,0.96,"",0,0,62,2.1,9,0.3,165,6.1,2064853,6.5,-659476,-21.4,-25487,-17,31,3.6
"1488",39000,5,"333111",58,0,2017,2,"",27,1353,1381,1375,18741259,1129527,44859,1053,"",0.64,0.63,0.64,0.63,0.68,0.19,0.17,1.08,"",0,0,74,5.8,94,7.3,128,10.3,2450645,15,-115715,-9.3,12040,36.7,67,6.8
"1489",39000,5,"333112",58,0,2017,2,"",10,1649,1522,1513,14918239,1296477,79714,735,"",1.24,2.46,2.29,2.31,2.38,0.86,0.98,1.01,"",0,0,-12,-0.7,-85,-5.3,37,2.5,-385792,-2.5,-543761,-29.5,-37527,-32,-9,-1.2
"1490",39000,5,"33312",57,0,2017,2,"",55,2912,2904,2956,38149227,2760470,137597,1004,"",1.99,1.24,1.22,1.23,1.02,0.48,0.68,0.83,"",0,0,-132,-4.3,-103,-3.4,-22,-0.7,843196,2.3,-340364,-11,25996,23.3,51,5.4
"1491",39000,5,"333120",58,0,2017,2,"",55,2912,2904,2956,38149227,2760470,137597,1004,"",1.99,1.24,1.22,1.23,1.02,0.48,0.68,0.83,"",0,0,-132,-4.3,-103,-3.4,-22,-0.7,843196,2.3,-340364,-11,25996,23.3,51,5.4
"1492",39000,5,"33313",57,0,2017,2,"",20,530,513,495,8170340,517104,24373,1226,"",0.42,0.23,0.22,0.21,0.18,0.22,0.17,0.83,"",-1,-4.8,-13,-2.4,-27,-5,-26,-5,-256845,-3,-131651,-20.3,8124,50,14,1.2
"1493",39000,5,"333131",58,0,2017,2,"",10,277,261,262,4287184,272029,10571,1237,"",1.26,0.84,0.78,0.77,0.81,0.56,0.53,1.03,"",-1,-9.1,-47,-14.5,-62,-19.2,-49,-15.8,-530472,-11,-128395,-32.1,1636,18.3,76,6.5
"1494",39000,5,"333132",58,0,2017,2,"",10,253,252,233,3883156,245075,13802,1214,"",0.25,0.13,0.13,0.12,0.1,0.13,0.12,0.8,"",0,0,34,15.5,35,16.1,23,11,273627,7.6,-3256,-1.3,6488,88.7,-75,-5.8
"1495",39000,5,"3332",56,0,2017,2,"",238,9989,9996,9972,147654799,8967483,280185,1137,"",1.9,2.38,2.35,2.33,2,1.25,1.3,0.85,"",-5,-2.1,335,3.5,288,3,220,2.3,4300115,3,-1429124,-13.7,-10566,-3.6,1,0.1
"1496",39000,5,"33324",57,0,2017,2,"",238,9989,9996,9972,147654799,8967483,280185,1137,"",1.9,2.38,2.35,2.33,2,1.25,1.3,0.85,"",-5,-2.1,335,3.5,288,3,220,2.3,4300115,3,-1429124,-13.7,-10566,-3.6,1,0.1
"1497",39000,5,"333241",58,0,2017,2,"",34,2159,2178,2180,32164262,1583393,31880,1139,"",1.74,3.12,3.09,3.07,3.21,1.05,0.87,1.04,"",3,9.7,12,0.6,19,0.9,-14,-0.6,-1175317,-3.5,-1108115,-41.2,-3243,-9.2,-45,-3.8
"1498",39000,5,"333242",58,0,2017,2,"N",2,0,0,0,0,0,0,0,"N",0.23,0,0,0,0,0,0,0,"N",1,100,0,0,0,0,0,0,0,0,0,0,0,0,0,0
"1499",39000,5,"333243",58,0,2017,2,"N",22,0,0,0,0,0,0,0,"N",1.48,0,0,0,0,0,0,0,"N",-1,-4.3,0,0,0,0,0,0,0,0,0,0,0,0,0,0
"1500",39000,5,"333244",58,0,2017,2,"",18,739,732,731,10643974,695102,23470,1115,"",1.51,2.78,2.77,2.77,2.83,1.95,2.17,1.02,"",0,0,-37,-4.8,-30,-3.9,-42,-5.4,-338621,-3.1,-105145,-13.1,1750,8.1,18,1.6
"1501",39000,5,"333249",58,0,2017,2,"",162,6520,6509,6485,97058405,6188356,207282,1148,"",2.3,3.21,3.18,3.15,3.24,1.81,1.95,1.02,"",-8,-4.7,340,5.5,270,4.3,249,4,6634621,7.3,-118174,-1.9,-11492,-5.3,29,2.6
"1502",39000,5,"3333",56,0,2017,2,"",109,3678,3687,3739,49241981,3813637,111937,1023,"",1.25,1.1,1.1,1.1,0.92,0.67,0.74,0.84,"",2,1.9,-41,-1.1,0,0,58,1.6,668879,1.4,-295681,-7.2,666,0.6,12,1.2
"1503",39000,5,"33331",57,0,2017,2,"",109,3678,3687,3739,49241981,3813637,111937,1023,"",1.25,1.1,1.1,1.1,0.92,0.67,0.74,0.84,"",2,1.9,-41,-1.1,0,0,58,1.6,668879,1.4,-295681,-7.2,666,0.6,12,1.2
"1504",39000,5,"333314",58,0,2017,2,"N",14,0,0,0,0,0,0,0,"N",0.75,0,0,0,0,0,0,0,"N",1,7.7,0,0,0,0,0,0,0,0,0,0,0,0,0,0
"1505",39000,5,"333316",58,0,2017,2,"N",2,0,0,0,0,0,0,0,"N",0.23,0,0,0,0,0,0,0,"N",0,0,0,0,0,0,0,0,0,0,0,0,0,0,0,0
"1506",39000,5,"333318",58,0,2017,2,"",93,3128,3143,3206,42633473,3364407,101096,1038,"",1.56,1.33,1.33,1.35,1.22,0.75,0.94,0.91,"",1,1.1,-85,-2.6,-35,-1.1,24,0.8,250220,0.6,-211086,-5.9,627,0.6,16,1.6
"1507",39000,5,"3334",56,0,2017,2,"",81,6846,6880,6909,105536741,7444709,208639,1180,"",1.16,1.4,1.4,1.39,1.71,0.87,0.73,1.22,"",0,0,274,4.2,297,4.5,257,3.9,9235301,9.6,-165862,-2.2,58611,39.1,58,5.2
"1508",39000,5,"33341",57,0,2017,2,"",81,6846,6880,6909,105536741,7444709,208639,1180,"",1.16,1.4,1.4,1.39,1.71,0.87,0.73,1.22,"",0,0,274,4.2,297,4.5,257,3.9,9235301,9.6,-165862,-2.2,58611,39.1,58,5.2
"1509",39000,5,"333413",58,0,2017,2,"",32,1506,1519,1500,19212600,1683943,39649,980,"",1.6,1.38,1.39,1.36,1.47,0.8,0.68,1.07,"",0,0,-39,-2.5,1,0.1,-16,-1.1,675686,3.6,-323003,-16.1,2778,7.5,46,4.9
"1510",39000,5,"333414",58,0,2017,2,"",16,911,909,929,12447574,1189494,26922,1045,"",1.18,1.69,1.68,1.7,1.95,1,0.92,1.16,"",-1,-5.9,-21,-2.3,-17,-1.8,13,1.4,499989,4.2,-156744,-11.6,5049,23.1,51,5.1
"1511",39000,5,"333415",58,0,2017,2,"",33,4429,4452,4480,73876567,4571272,142068,1276,"",0.91,1.36,1.36,1.36,1.75,0.87,0.72,1.29,"",1,3.1,334,8.2,313,7.6,260,6.2,8059626,12.2,313885,7.4,50784,55.6,56,4.6
"1512",39000,5,"3335",56,0,2017,2,"",837,22395,22485,22748,333698195,21789052,632280,1139,"",3.32,3.35,3.35,3.36,3.74,2.21,2.21,1.11,"",-12,-1.4,28,0.1,117,0.5,203,0.9,15362470,4.8,-3227696,-12.9,52098,9,47,4.3
"1513",39000,5,"33351",57,0,2017,2,"",837,22395,22485,22748,333698195,21789052,632280,1139,"",3.32,3.35,3.35,3.36,3.74,2.21,2.21,1.11,"",-12,-1.4,28,0.1,117,0.5,203,0.9,15362470,4.8,-3227696,-12.9,52098,9,47,4.3
"1514",39000,5,"333511",58,0,2017,2,"",195,4328,4348,4378,57060601,5656711,178105,1009,"",3.73,2.95,2.95,2.96,3.11,2.1,2.6,1.05,"",2,1,-50,-1.1,-45,-1,-27,-0.6,4277854,8.1,-466832,-7.6,9208,5.5,85,9.2
"1515",39000,5,"333514",58,0,2017,2,"",339,8668,8703,8828,126346298,8450343,221503,1113,"",3.6,3.71,3.69,3.71,4.13,2.81,2.41,1.11,"",-11,-3.1,87,1,107,1.2,140,1.6,3188799,2.6,142530,1.7,41179,22.8,14,1.3
"1516",39000,5,"333515",58,0,2017,2,"",90,2231,2236,2280,30976798,1705991,50186,1060,"",2.68,2.46,2.46,2.5,2.64,1.2,1.25,1.07,"",-6,-6.2,-177,-7.4,-160,-6.7,-141,-5.8,-840614,-2.6,-251380,-12.8,338,0.7,44,4.3
"1517",39000,5,"333517",58,0,2017,2,"",170,5718,5744,5799,95975298,4771850,137249,1283,"",2.85,3.81,3.81,3.82,4.52,2.09,2.01,1.19,"",5,3,251,4.6,282,5.2,281,5.1,7673622,8.7,-2852450,-37.4,-11574,-7.8,44,3.6
"1518",39000,5,"333519",58,0,2017,2,"",43,1450,1454,1463,23339200,1204157,45237,1233,"",3.55,3.09,3.07,3.06,3.15,2.69,2.64,1.02,"",-2,-4.4,-83,-5.4,-67,-4.4,-50,-3.3,1062809,4.8,200436,20,12947,40.1,107,9.5
"1519",39000,5,"3336",56,0,2017,2,"",79,3929,3967,3991,68684902,3707736,167270,1333,"",2.18,1.09,1.1,1.1,1.11,0.75,1.1,1.01,"",0,0,-63,-1.6,27,0.7,94,2.4,2663422,4,1290591,53.4,79418,90.4,45,3.5
"1520",39000,5,"33361",57,0,2017,2,"",79,3929,3967,3991,68684902,3707736,167270,1333,"",2.18,1.09,1.1,1.1,1.11,0.75,1.1,1.01,"",0,0,-63,-1.6,27,0.7,94,2.4,2663422,4,1290591,53.4,79418,90.4,45,3.5
"1521",39000,5,"333611",58,0,2017,2,"",16,795,787,782,16498908,205445,14722,1611,"",1.76,0.77,0.78,0.77,0.81,0.13,0.33,1.05,"",2,14.3,-1,-0.1,-3,-0.4,1,0.1,-476812,-2.8,-178728,-46.5,-9949,-40.3,-44,-2.7
"1522",39000,5,"333612",58,0,2017,2,"",29,770,772,780,12255550,731418,25789,1218,"",3.3,1.81,1.82,1.81,2.08,1.16,1.49,1.15,"",0,0,16,2.1,37,5,51,7,1597115,15,110806,17.9,13770,114.6,109,9.8
"1523",39000,5,"333613",58,0,2017,2,"",21,798,814,820,13128407,1154583,65481,1246,"",2.42,1.67,1.71,1.69,1.95,1.53,3.18,1.15,"",1,5,-60,-7,-36,-4.2,-23,-2.7,1159608,9.7,657373,132.2,57110,682.2,163,15.1
"1524",39000,5,"333618",58,0,2017,2,"",13,1566,1594,1609,26802037,1616290,61278,1297,"",1.33,0.93,0.94,0.94,0.93,0.82,0.88,0.99,"",-3,-18.8,-18,-1.1,29,1.9,65,4.2,383511,1.5,701140,76.6,18487,43.2,-2,-0.2
"1525",39000,5,"3339",56,0,2017,2,"",399,24108,24261,24660,386777102,17310346,486698,1222,"",1.87,2.52,2.52,2.54,2.7,1.06,1.21,1.07,"",9,2.3,-170,-0.7,67,0.3,274,1.1,30452187,8.5,203778,1.2,112576,30.1,93,8.2
"1526",39000,5,"33391",57,0,2017,2,"",44,3792,3830,3918,63797671,2486884,60008,1276,"",1.19,2.12,2.13,2.17,2.22,0.94,0.8,1.04,"",2,4.8,-42,-1.1,-2,-0.1,42,1.1,7379190,13.1,-154092,-5.8,6454,12.1,148,13.1
"1527",39000,5,"333912",58,0,2017,2,"",14,2139,2172,2237,39053321,1058261,26406,1376,"",1.15,2.95,2.97,3.01,3.24,1.29,0.97,1.09,"",0,0,-15,-0.7,28,1.3,41,1.9,5964221,18,-265065,-20,10192,62.9,200,17
"1528",39000,5,"333914",58,0,2017,2,"",30,1653,1658,1681,24744350,1428623,33602,1144,"",1.21,1.56,1.56,1.58,1.48,0.79,0.71,0.95,"N",30,100,0,0,0,0,0,0,0,0,0,0,0,0,0,0
"1529",39000,5,"33392",57,0,2017,2,"",117,8984,9066,9217,141026756,7301884,178241,1194,"",2.2,3.05,3.05,3.07,3.33,1.32,1.39,1.09,"",3,2.6,406,4.7,457,5.3,460,5.3,17774722,14.4,661059,10,47897,36.7,98,8.9
"1530",39000,5,"333921",58,0,2017,2,"",8,290,291,293,4914284,155698,4119,1298,"",1.39,0.81,0.81,0.81,0.94,0.35,0.4,1.15,"",0,0,17,6.2,16,5.8,17,6.2,543943,12.4,21772,16.3,1797,77.4,74,6
"1531",39000,5,"333922",58,0,2017,2,"",62,3059,3103,3135,46754838,2784103,81973,1161,"",2.48,2.65,2.65,2.66,2.62,1.3,1.46,0.99,"",3,5.1,272,9.8,318,11.4,275,9.6,4577370,10.9,213933,8.3,21875,36.4,7,0.6
"1532",39000,5,"333923",58,0,2017,2,"",26,752,755,767,10838019,717667,17981,1100,"",2.3,1.47,1.47,1.49,1.57,0.47,0.65,1.07,"",0,0,-44,-5.5,-33,-4.2,-22,-2.8,136548,1.3,-133587,-15.7,-2068,-10.3,59,5.7
"1533",39000,5,"333924",58,0,2017,2,"",21,4883,4917,5022,78519615,3644416,74168,1223,"",1.88,5.27,5.26,5.33,6.36,2.56,2.17,1.2,"",0,0,161,3.4,156,3.3,190,3.9,12516861,19,558941,18.1,26293,54.9,159,14.9
"1534",39000,5,"33399",57,0,2017,2,"",238,11332,11365,11525,181952675,7521578,248449,1227,"",1.93,2.35,2.34,2.35,2.52,0.93,1.25,1.07,"",4,1.7,-534,-4.5,-388,-3.3,-228,-1.9,5298275,3,-303189,-3.9,58225,30.6,74,6.4
"1535",39000,5,"333991",58,0,2017,2,"N",16,0,0,0,0,0,0,0,"N",2.64,0,0,0,0,0,0,0,"N",0,0,0,0,0,0,0,0,0,0,0,0,0,0,0,0
"1536",39000,5,"333992",58,0,2017,2,"",40,3577,3595,3643,57568279,2137196,60011,1228,"",2.36,6.67,6.62,6.65,6.93,3.73,3.74,1.04,"",3,8.1,-425,-10.6,-340,-8.6,-308,-7.8,-744428,-1.3,140841,7.1,24691,69.9,96,8.5
"1537",39000,5,"333993",58,0,2017,2,"",32,1594,1616,1620,25112493,1165069,34617,1200,"",1.51,2.08,2.1,2.07,2.15,0.7,1.05,1.04,"",1,3.2,-38,-2.3,-20,-1.2,-3,-0.2,-110187,-0.4,-19874,-1.7,683,2,10,0.8
"1538",39000,5,"333994",58,0,2017,2,"",36,1261,1261,1265,19064521,925033,33896,1162,"",3.21,3.52,3.48,3.46,3.68,1.62,1.73,1.06,"",2,5.9,-73,-5.5,-58,-4.4,-36,-2.8,-251398,-1.3,-169072,-15.5,11290,49.9,35,3.1
"1539",39000,5,"333995",58,0,2017,2,"",29,1274,1268,1290,18175839,913417,33203,1095,"",2.55,2.16,2.13,2.14,2.26,0.78,1.32,1.05,"",0,0,-111,-8,-108,-7.8,-102,-7.3,-1635808,-8.3,13397,1.5,16385,97.4,-6,-0.5
"1540",39000,5,"333996",58,0,2017,2,"",12,520,520,525,8828448,235604,6926,1302,"",1.59,0.77,0.77,0.78,0.73,0.25,0.35,0.94,"",-2,-14.3,-110,-17.5,-100,-16.1,-102,-16.3,-863184,-8.9,-106780,-31.2,-1958,-22,110,9.2
"1541",39000,5,"333997",58,0,2017,2,"N",10,0,0,0,0,0,0,0,"N",2.21,0,0,0,0,0,0,0,"N",0,0,0,0,0,0,0,0,0,0,0,0,0,0,0,0
"1542",39000,5,"333999",58,0,2017,2,"",63,1928,1933,1980,32618308,1544752,63942,1289,"",1.42,1.36,1.35,1.38,1.59,0.7,1.09,1.17,"",0,0,225,13.2,226,13.2,279,16.4,7840851,31.6,-191358,-11,3171,5.2,170,15.2
"1543",39000,5,"334",55,0,2017,2,"",523,20200,20259,20416,330905582,20872981,629503,1254,"",0.87,0.52,0.52,0.52,0.33,0.36,0.43,0.62,"",0,0,-368,-1.8,-271,-1.3,-72,-0.4,10143539,3.2,-2095696,-9.1,71305,12.8,52,4.3
"1544",39000,5,"3341",56,0,2017,2,"",25,1236,1215,1216,19796174,1024598,37447,1246,"",0.45,0.21,0.21,0.2,0.07,0.18,0.22,0.36,"",-2,-7.4,-83,-6.3,-92,-7,-88,-6.7,-68457,-0.3,-246989,-19.4,-4301,-10.3,80,6.9
"1545",39000,5,"33411",57,0,2017,2,"",25,1236,1215,1216,19796174,1024598,37447,1246,"",0.45,0.21,0.21,0.2,0.07,0.18,0.22,0.36,"",-2,-7.4,-83,-6.3,-92,-7,-88,-6.7,-68457,-0.3,-246989,-19.4,-4301,-10.3,80,6.9
"1546",39000,5,"334111",58,0,2017,2,"N",7,0,0,0,0,0,0,0,"N",0.32,0,0,0,0,0,0,0,"N",-2,-22.2,0,0,0,0,0,0,0,0,0,0,0,0,0,0
"1547",39000,5,"334112",58,0,2017,2,"N",1,0,0,0,0,0,0,0,"N",0.13,0,0,0,0,0,0,0,"N",0,0,0,0,0,0,0,0,0,0,0,0,0,0,0,0
"1548",39000,5,"334118",58,0,2017,2,"",17,1094,1073,1074,17474512,829823,32240,1244,"",0.67,0.75,0.73,0.72,0.45,0.32,0.54,0.62,"",0,0,-72,-6.2,-83,-7.2,-82,-7.1,120516,0.7,-257112,-23.7,-4259,-11.7,93,8.1
"1549",39000,5,"3342",56,0,2017,2,"",40,1700,1711,1723,30641016,1288397,34550,1377,"",0.56,0.53,0.53,0.53,0.4,0.39,0.31,0.75,"",0,0,-61,-3.5,-29,-1.7,-24,-1.4,-487389,-1.6,-256334,-16.6,-8080,-19,8,0.6
"1550",39000,5,"33421",57,0,2017,2,"",11,133,134,135,3782120,138547,2824,2171,"",0.82,0.18,0.18,0.18,0.16,0.2,0.11,0.89,"",2,22.2,-25,-15.8,-10,-6.9,-8,-5.6,313553,9,388,0.3,-1063,-27.3,372,20.7
"1551",39000,5,"334210",58,0,2017,2,"",11,133,134,135,3782120,138547,2824,2171,"",0.82,0.18,0.18,0.18,0.16,0.2,0.11,0.89,"",2,22.2,-25,-15.8,-10,-6.9,-8,-5.6,313553,9,388,0.3,-1063,-27.3,372,20.7
"1552",39000,5,"33422",57,0,2017,2,"",15,1020,1030,1032,17273353,618103,14897,1293,"",0.39,0.56,0.57,0.56,0.41,0.36,0.26,0.72,"",-1,-6.2,26,2.6,37,3.7,46,4.7,496776,3,-68779,-10,-556,-3.6,-9,-0.7
"1553",39000,5,"334220",58,0,2017,2,"",15,1020,1030,1032,17273353,618103,14897,1293,"",0.39,0.56,0.57,0.56,0.41,0.36,0.26,0.72,"",-1,-6.2,26,2.6,37,3.7,46,4.7,496776,3,-68779,-10,-556,-3.6,-9,-0.7
"1554",39000,5,"33429",57,0,2017,2,"",14,547,547,556,9585543,531747,16829,1341,"",0.7,0.82,0.82,0.83,0.8,0.58,0.59,0.98,"",-1,-6.7,-62,-10.2,-56,-9.3,-62,-10,-1297718,-11.9,-187943,-26.1,-6461,-27.7,-31,-2.3
"1555",39000,5,"334290",58,0,2017,2,"",14,547,547,556,9585543,531747,16829,1341,"",0.7,0.82,0.82,0.83,0.8,0.58,0.59,0.98,"",-1,-6.7,-62,-10.2,-56,-9.3,-62,-10,-1297718,-11.9,-187943,-26.1,-6461,-27.7,-31,-2.3
"1556",39000,5,"3343",56,0,2017,2,"",9,151,147,147,1897614,178149,6050,984,"",0.38,0.21,0.2,0.2,0.11,0.18,0.2,0.57,"",-1,-10,-19,-11.2,-20,-12,-20,-12,-114984,-5.7,-73498,-29.2,-3284,-35.2,62,6.7
"1557",39000,5,"33431",57,0,2017,2,"",9,151,147,147,1897614,178149,6050,984,"",0.38,0.21,0.2,0.2,0.11,0.18,0.2,0.57,"",-1,-10,-19,-11.2,-20,-12,-20,-12,-114984,-5.7,-73498,-29.2,-3284,-35.2,62,6.7
"1558",39000,5,"334310",58,0,2017,2,"",9,151,147,147,1897614,178149,6050,984,"",0.38,0.21,0.2,0.2,0.11,0.18,0.2,0.57,"",-1,-10,-19,-11.2,-20,-12,-20,-12,-114984,-5.7,-73498,-29.2,-3284,-35.2,62,6.7
"1559",39000,5,"3344",56,0,2017,2,"",136,6084,6131,6162,82227027,8113503,265098,1033,"",0.78,0.45,0.45,0.45,0.26,0.35,0.42,0.57,"",-2,-1.4,-269,-4.2,-214,-3.4,-133,-2.1,182987,0.2,-1230424,-13.2,44792,20.3,36,3.6
"1560",39000,5,"33441",57,0,2017,2,"",136,6084,6131,6162,82227027,8113503,265098,1033,"",0.78,0.45,0.45,0.45,0.26,0.35,0.42,0.57,"",-2,-1.4,-269,-4.2,-214,-3.4,-133,-2.1,182987,0.2,-1230424,-13.2,44792,20.3,36,3.6
"1561",39000,5,"334412",58,0,2017,2,"",12,255,256,253,2649745,441903,17851,800,"",0.66,0.25,0.25,0.24,0.19,0.26,0.39,0.76,"",-1,-7.7,-37,-12.7,-45,-15,-37,-12.8,-410622,-13.4,-220187,-33.3,5976,50.3,0,0
"1562",39000,5,"334413",58,0,2017,2,"",22,1654,1642,1640,33999828,439198,12445,1590,"",0.41,0.25,0.24,0.24,0.15,0.04,0.04,0.62,"",3,15.8,-13,-0.8,-25,-1.5,-14,-0.8,5200210,18.1,-173524,-28.3,2699,27.7,258,19.4
"1563",39000,5,"334416",58,0,2017,2,"",10,249,249,256,2926194,364086,9802,896,"",0.74,0.4,0.4,0.41,0.37,0.32,0.25,0.91,"",-1,-9.1,-14,-5.3,-24,-8.8,-14,-5.2,-324677,-10,-75099,-17.1,1343,15.9,-35,-3.8
"1564",39000,5,"334417",58,0,2017,2,"",8,184,187,182,1902466,311434,6960,794,"",0.81,0.24,0.24,0.23,0.16,0.35,0.26,0.68,"",-2,-20,2,1.1,8,4.5,0,0,340504,21.8,-23698,-7.1,935,15.5,130,19.6
"1565",39000,5,"334418",58,0,2017,2,"",42,2208,2236,2237,21674275,4088850,130604,749,"",1.22,1.07,1.08,1.07,0.82,1.18,1.14,0.77,"",0,0,18,0.8,44,2,55,2.5,288545,1.3,-646781,-13.7,12064,10.2,-3,-0.4
"1566",39000,5,"334419",58,0,2017,2,"",42,1534,1561,1594,19074519,2468032,87436,939,"",0.92,0.69,0.69,0.7,0.55,0.59,0.78,0.79,"",-1,-2.3,-225,-12.8,-172,-9.9,-123,-7.2,-4910973,-20.5,-91135,-3.6,21775,33.2,-124,-11.7
"1567",39000,5,"3345",56,0,2017,2,"",302,10751,10783,10876,191470693,9934921,278768,1363,"",1.19,0.73,0.72,0.72,0.6,0.42,0.56,0.83,"",7,2.4,15,0.1,55,0.5,150,1.4,9470466,5.2,-248901,-2.4,41936,17.7,58,4.4
"1568",39000,5,"33451",57,0,2017,2,"",302,10751,10783,10876,191470693,9934921,278768,1363,"",1.19,0.73,0.72,0.72,0.6,0.42,0.56,0.83,"",7,2.4,15,0.1,55,0.5,150,1.4,9470466,5.2,-248901,-2.4,41936,17.7,58,4.4
"1569",39000,5,"334510",58,0,2017,2,"",27,1744,1743,1785,37738661,1218669,34546,1652,"",0.67,0.69,0.69,0.7,0.63,0.21,0.33,0.91,"",2,8,49,2.9,35,2,70,4.1,2080789,5.8,16852,1.4,5833,20.3,44,2.7
"1570",39000,5,"334511",58,0,2017,2,"",21,1147,1149,1165,25420623,692868,14740,1695,"",0.68,0.26,0.26,0.26,0.24,0.13,0.14,0.92,"",3,16.7,-61,-5,-37,-3.1,-5,-0.4,-2368188,-8.5,233523,50.8,7249,96.8,-104,-5.8
"1571",39000,5,"334512",58,0,2017,2,"",23,1195,1204,1184,14571773,1710439,38884,939,"",1.64,1.87,1.88,1.85,1.48,1.65,1.54,0.79,"",1,4.5,93,8.4,104,9.5,83,7.5,1889286,14.9,69865,4.3,4543,13.2,53,6
"1572",39000,5,"334513",58,0,2017,2,"",99,2785,2789,2833,56471091,1996552,55679,1550,"",1.7,1.23,1.22,1.23,1.4,0.5,0.64,1.14,"",0,0,-71,-2.5,-81,-2.8,-49,-1.7,6205398,12.3,-156266,-7.3,9864,21.5,202,15
"1573",39000,5,"334514",58,0,2017,2,"",9,230,228,233,3280775,120988,8251,1096,"",1.33,0.63,0.62,0.63,0.59,0.33,0.66,0.94,"N",-1,-10,0,0,0,0,0,0,0,0,0,0,0,0,0,0
"1574",39000,5,"334515",58,0,2017,2,"",48,1641,1645,1636,21775848,2299515,52824,1021,"",1.43,1.19,1.18,1.16,0.68,0.86,0.95,0.58,"",2,4.3,25,1.5,37,2.3,46,2.9,1808339,9.1,-93096,-3.9,650,1.2,64,6.7
"1575",39000,5,"334516",58,0,2017,2,"",22,434,447,445,6387130,616335,29877,1112,"",0.83,0.33,0.33,0.33,0.23,0.35,0.66,0.68,"",1,4.8,-31,-6.7,-12,-2.6,-21,-4.5,512198,8.7,-60548,-8.9,9305,45.2,137,14.1
"1576",39000,5,"334517",58,0,2017,2,"",8,313,312,316,6534288,189818,5166,1602,"",1,0.62,0.62,0.62,0.55,0.33,0.39,0.87,"N",-1,-11.1,0,0,0,0,0,0,0,0,0,0,0,0,0,0
"1577",39000,5,"334519",58,0,2017,2,"",45,1262,1266,1279,19290504,1089737,38801,1169,"",1.29,0.94,0.94,0.95,0.81,0.51,0.73,0.86,"",0,0,17,1.4,-1,-0.1,-4,-0.3,279766,1.5,-206512,-15.9,3220,9,13,1.1
"1578",39000,5,"3346",56,0,2017,2,"",11,278,272,292,4873058,333413,7590,1336,"",0.49,0.52,0.5,0.54,0.38,0.56,0.36,0.73,"",-2,-15.4,49,21.4,29,11.9,43,17.3,1160916,31.3,-39550,-10.6,242,3.3,148,12.5
"1579",39000,5,"33461",57,0,2017,2,"",11,278,272,292,4873058,333413,7590,1336,"",0.49,0.52,0.5,0.54,0.38,0.56,0.36,0.73,"",-2,-15.4,49,21.4,29,11.9,43,17.3,1160916,31.3,-39550,-10.6,242,3.3,148,12.5
"1580",39000,5,"334613",58,0,2017,2,"N",1,0,0,0,0,0,0,0,"N",0.36,0,0,0,0,0,0,0,"N",-1,-50,0,0,0,0,0,0,0,0,0,0,0,0,0,0
"1581",39000,5,"334614",58,0,2017,2,"N",10,0,0,0,0,0,0,0,"N",0.51,0,0,0,0,0,0,0,"N",-1,-9.1,0,0,0,0,0,0,0,0,0,0,0,0,0,0
"1582",39000,5,"335",55,0,2017,2,"",333,26759,26762,27097,399536768,25332411,632553,1144,"",1.37,1.87,1.86,1.87,1.87,1.11,0.95,1,"",-22,-6.2,-836,-3,-749,-2.7,-446,-1.6,11034302,2.8,-4636382,-15.5,32113,5.3,59,5.4
"1583",39000,5,"3351",56,0,2017,2,"N",40,0,0,0,0,0,0,0,"N",0.83,0,0,0,0,0,0,0,"N",-10,-20,0,0,0,0,0,0,0,0,0,0,0,0,0,0
"1584",39000,5,"33511",57,0,2017,2,"N",14,0,0,0,0,0,0,0,"N",2.51,0,0,0,0,0,0,0,"N",-7,-33.3,0,0,0,0,0,0,0,0,0,0,0,0,0,0
"1585",39000,5,"335110",58,0,2017,2,"N",14,0,0,0,0,0,0,0,"N",2.51,0,0,0,0,0,0,0,"N",-7,-33.3,0,0,0,0,0,0,0,0,0,0,0,0,0,0
"1586",39000,5,"33512",57,0,2017,2,"",26,1264,1256,1281,17915095,1591059,52847,1088,"",0.61,0.82,0.81,0.83,0.88,0.62,0.64,1.07,"",-3,-10.3,-30,-2.3,-46,-3.5,-24,-1.8,-632594,-3.4,-462558,-22.5,-6995,-11.7,-9,-0.8
"1587",39000,5,"335121",58,0,2017,2,"N",5,0,0,0,0,0,0,0,"N",0.38,0,0,0,0,0,0,0,"N",-1,-16.7,0,0,0,0,0,0,0,0,0,0,0,0,0,0
"1588",39000,5,"335122",58,0,2017,2,"",15,723,716,729,10586817,974863,32888,1127,"",0.76,0.82,0.81,0.82,0.87,0.71,0.67,1.07,"",-2,-11.8,-55,-7.1,-55,-7.1,-37,-4.8,-734442,-6.5,-215394,-18.1,778,2.4,-2,-0.2
"1589",39000,5,"335129",58,0,2017,2,"N",6,0,0,0,0,0,0,0,"N",0.65,0,0,0,0,0,0,0,"N",0,0,0,0,0,0,0,0,0,0,0,0,0,0,0,0
"1590",39000,5,"3352",56,0,2017,2,"N",17,0,0,0,0,0,0,0,"N",1.07,0,0,0,0,0,0,0,"N",-4,-19,0,0,0,0,0,0,0,0,0,0,0,0,0,0
"1591",39000,5,"33521",57,0,2017,2,"",7,1336,1313,1305,15291751,1118598,19002,892,"",0.84,3.17,3.1,3.06,2.59,1.87,1.08,0.83,"",-4,-36.4,-138,-9.4,-182,-12.2,-193,-12.9,-1180313,-7.2,-227717,-16.9,-994,-5,41,4.8
"1592",39000,5,"335210",58,0,2017,2,"",7,1336,1313,1305,15291751,1118598,19002,892,"",0.84,3.17,3.1,3.06,2.59,1.87,1.08,0.83,"",-4,-36.4,-138,-9.4,-182,-12.2,-193,-12.9,-1180313,-7.2,-227717,-16.9,-994,-5,41,4.8
"1593",39000,5,"33522",57,0,2017,2,"N",10,0,0,0,0,0,0,0,"N",1.34,0,0,0,0,0,0,0,"N",0,0,0,0,0,0,0,0,0,0,0,0,0,0,0,0
"1594",39000,5,"335220",58,0,2017,2,"N",10,0,0,0,0,0,0,0,"N",1.34,0,0,0,0,0,0,0,"N",10,100,0,0,0,0,0,0,0,0,0,0,0,0,0,0
"1595",39000,5,"3353",56,0,2017,2,"",159,7612,7571,7588,126205072,5721871,195273,1279,"",1.86,1.49,1.48,1.47,1.56,0.69,0.99,1.06,"",-5,-3,-667,-8.1,-664,-8.1,-662,-8,-7872191,-5.9,-2166404,-27.5,15286,8.5,30,2.4
"1596",39000,5,"33531",57,0,2017,2,"",159,7612,7571,7588,126205072,5721871,195273,1279,"",1.86,1.49,1.48,1.47,1.56,0.69,0.99,1.06,"",-5,-3,-667,-8.1,-664,-8.1,-662,-8,-7872191,-5.9,-2166404,-27.5,15286,8.5,30,2.4
"1597",39000,5,"335311",58,0,2017,2,"",17,878,872,874,14021548,580005,20149,1233,"",1.23,0.92,0.91,0.9,0.97,0.4,0.62,1.07,"",0,0,-11,-1.2,-10,-1.1,-11,-1.2,483079,3.6,-135356,-18.9,4858,31.8,57,4.8
"1598",39000,5,"335312",58,0,2017,2,"",33,1948,1936,1937,30626407,1377779,53038,1214,"",1.78,1.5,1.49,1.48,1.6,0.57,0.83,1.07,"",-3,-8.3,-593,-23.3,-580,-23.1,-576,-22.9,-5337604,-14.8,-578174,-29.6,-628,-1.2,118,10.8
"1599",39000,5,"335313",58,0,2017,2,"",50,1287,1283,1306,16008913,1400523,50343,953,"",2.18,1.06,1.05,1.06,0.84,0.95,1.14,0.79,"",-1,-2,-20,-1.5,-28,-2.1,-23,-1.7,233412,1.5,-122018,-8,9233,22.5,31,3.4
"1600",39000,5,"335314",58,0,2017,2,"",59,3499,3480,3471,65548204,2363564,71743,1448,"",1.95,2.13,2.11,2.09,2.35,0.79,1.27,1.11,"",-1,-1.7,-43,-1.2,-46,-1.3,-52,-1.5,-3251078,-4.7,-1330856,-36,1823,2.6,-51,-3.4
"1601",39000,5,"3359",56,0,2017,2,"",117,6664,6654,6660,97316196,6607822,190126,1124,"",1.26,1.33,1.32,1.3,1.31,0.79,0.73,0.99,"",-3,-2.5,-271,-3.9,-257,-3.7,-213,-3.1,-1845433,-1.9,-2461751,-27.1,-25186,-11.7,20,1.8
"1602",39000,5,"33591",57,0,2017,2,"",5,1248,1236,1244,19807892,665838,18968,1226,"",0.54,1.11,1.09,1.08,1.21,0.39,0.41,1.11,"",-1,-16.7,26,2.1,11,0.9,22,1.8,1105317,5.9,-314474,-32.1,-14460,-43.3,50,4.3
"1603",39000,5,"335911",58,0,2017,2,"N",3,0,0,0,0,0,0,0,"N",0.44,0,0,0,0,0,0,0,"N",0,0,0,0,0,0,0,0,0,0,0,0,0,0,0,0
"1604",39000,5,"335912",58,0,2017,2,"N",2,0,0,0,0,0,0,0,"N",0.79,0,0,0,0,0,0,0,"N",-1,-33.3,0,0,0,0,0,0,0,0,0,0,0,0,0,0
"1605",39000,5,"33592",57,0,2017,2,"",13,637,639,632,7407458,880219,22399,896,"",1.04,0.72,0.72,0.7,0.53,0.64,0.41,0.74,"",0,0,-13,-2,-7,-1.1,-3,-0.5,-122091,-1.6,-1036454,-54.1,-16157,-41.9,-4,-0.4
"1606",39000,5,"335921",58,0,2017,2,"N",3,0,0,0,0,0,0,0,"N",0.6,0,0,0,0,0,0,0,"N",0,0,0,0,0,0,0,0,0,0,0,0,0,0,0,0
"1607",39000,5,"335929",58,0,2017,2,"N",10,0,0,0,0,0,0,0,"N",1.33,0,0,0,0,0,0,0,"N",0,0,0,0,0,0,0,0,0,0,0,0,0,0,0,0
"1608",39000,5,"33593",57,0,2017,2,"",43,2679,2651,2647,32571819,3025041,84932,942,"",1.92,1.66,1.64,1.62,1.44,1.19,0.98,0.88,"",-3,-6.5,-20,-0.7,-54,-2,-42,-1.6,78451,0.2,-607390,-16.7,3696,4.5,15,1.6
"1609",39000,5,"335931",58,0,2017,2,"",32,1819,1805,1812,22439992,2139272,61998,953,"",1.93,1.49,1.48,1.47,1.31,1.08,0.88,0.89,"",-3,-8.6,-26,-1.4,-54,-2.9,-23,-1.3,-106899,-0.5,-424902,-16.6,-3291,-5,14,1.5
"1610",39000,5,"335932",58,0,2017,2,"",11,860,846,835,10131827,885769,22934,920,"",1.88,2.16,2.13,2.07,1.81,1.54,1.42,0.85,"",0,0,6,0.7,0,0,-19,-2.2,185350,1.9,-182488,-17.1,6987,43.8,21,2.3
"1611",39000,5,"33599",57,0,2017,2,"",56,2100,2128,2137,37529027,2036724,63827,1361,"",1.15,1.5,1.51,1.5,1.75,0.74,0.88,1.16,"",1,1.8,-264,-11.2,-207,-8.9,-190,-8.2,-2907110,-7.2,-503433,-19.8,1735,2.8,33,2.5
"1612",39000,5,"335991",58,0,2017,2,"",11,623,620,617,13484926,514748,15947,1673,"",2.05,2.16,2.14,2.11,3.24,0.77,1.22,1.52,"",2,22.2,6,1,4,0.6,0,0,3107364,29.9,115701,29,5735,56.2,379,29.3
"1613",39000,5,"335999",58,0,2017,2,"",45,1477,1508,1520,24044101,1521976,47880,1232,"",1.04,1.33,1.35,1.35,1.39,0.73,0.8,1.04,"",-1,-2.2,-270,-15.5,-211,-12.3,-190,-11.1,-6014474,-20,-619134,-28.9,-4000,-7.7,-108,-8.1
"1614",39000,5,"336",55,0,2017,2,"",781,123221,122930,123986,1996906536,104850288,3815013,1245,"",1.75,2.02,2,2.01,2.02,1.21,1.6,1.01,"",-1,-0.1,-1688,-1.4,-1896,-1.5,-1707,-1.4,-99600364,-4.8,-19127996,-15.4,-384132,-9.1,-44,-3.4
"1615",39000,5,"3361",56,0,2017,2,"",26,18386,18383,18857,338180219,8386930,455210,1403,"",1.72,2.26,2.22,2.24,2.32,1.59,1.81,1.04,"",1,4,-3375,-15.5,-3544,-16.2,-3292,-14.9,-80669653,-19.3,-2102870,-20,-98371,-17.8,-65,-4.4
"1616",39000,5,"33611",57,0,2017,2,"",14,14217,14141,14480,266440287,4363399,118682,1435,"",1.36,2.02,1.97,1.98,2.05,1.41,0.8,1.03,"",-3,-17.6,-3838,-21.3,-4133,-22.6,-3975,-21.5,-98071307,-26.9,-4554924,-51.1,-319083,-72.9,-100,-6.5
"1617",39000,5,"336111",58,0,2017,2,"",9,9448,9388,9702,173144919,3058425,51242,1400,"",1.13,2.09,2.03,2.04,2,1.33,0.55,0.97,"",-3,-25,-1911,-16.8,-2091,-18.2,-1891,-16.3,-63349481,-26.8,-2153302,-41.3,-187638,-78.5,-185,-11.7
"1618",39000,5,"336112",58,0,2017,2,"",5,4769,4753,4778,93295368,1304974,67440,1506,"",2.15,1.88,1.86,1.87,2.16,1.66,1.24,1.15,"",0,0,-1927,-28.8,-2042,-30.1,-2084,-30.4,-34721826,-27.1,-2401622,-64.8,-131445,-66.1,54,3.7
"1619",39000,5,"33612",57,0,2017,2,"",12,4169,4242,4377,71739932,4023531,336528,1295,"",2.49,3.86,3.87,3.91,4.53,1.84,3.22,1.17,"",4,50,463,12.5,589,16.1,683,18.5,17401654,32,2452054,156,220712,190.6,161,14.2
"1620",39000,5,"336120",58,0,2017,2,"",12,4169,4242,4377,71739932,4023531,336528,1295,"",2.49,3.86,3.87,3.91,4.53,1.84,3.22,1.17,"",4,50,463,12.5,589,16.1,683,18.5,17401654,32,2452054,156,220712,190.6,161,14.2
"1621",39000,5,"3362",56,0,2017,2,"",96,8711,8745,8803,104764286,10950859,391688,921,"",1.47,1.51,1.5,1.5,1.56,0.99,1.03,1.04,"",0,0,-31,-0.4,59,0.7,120,1.4,828166,0.8,-1982371,-15.3,-19452,-4.7,2,0.2
"1622",39000,5,"33621",57,0,2017,2,"",96,8711,8745,8803,104764286,10950859,391688,921,"",1.47,1.51,1.5,1.5,1.56,0.99,1.03,1.04,"",0,0,-31,-0.4,59,0.7,120,1.4,828166,0.8,-1982371,-15.3,-19452,-4.7,2,0.2
"1623",39000,5,"336211",58,0,2017,2,"",41,4449,4427,4435,51315915,4682219,189442,890,"",1.65,2.14,2.12,2.11,2.08,1.33,1.5,0.98,"",1,2.5,199,4.7,195,4.6,192,4.5,2611336,5.4,-1197870,-20.4,-40934,-17.8,7,0.8
"1624",39000,5,"336212",58,0,2017,2,"",22,2074,2121,2155,23606583,3066559,111712,858,"",1.41,1.54,1.56,1.58,1.72,1.09,1.44,1.1,"",0,0,-388,-15.8,-309,-12.7,-261,-10.8,-5186833,-18,-824868,-21.2,7515,7.2,-51,-5.6
"1625",39000,5,"336213",58,0,2017,2,"N",2,0,0,0,0,0,0,0,"N",1.38,0,0,0,0,0,0,0,"N",0,0,0,0,0,0,0,0,0,0,0,0,0,0,0,0
"1626",39000,5,"336214",58,0,2017,2,"N",31,0,0,0,0,0,0,0,"N",1.33,0,0,0,0,0,0,0,"N",-1,-3.1,0,0,0,0,0,0,0,0,0,0,0,0,0,0
"1627",39000,5,"3363",56,0,2017,2,"",474,75391,75080,75245,1071320851,72900397,2573053,1095,"",2.78,3.43,3.41,3.4,3.78,2.95,2.91,1.11,"",-4,-0.8,474,0.6,453,0.6,265,0.4,-5874935,-0.5,-14351332,-16.4,-345808,-11.8,-12,-1.1
"1628",39000,5,"33631",57,0,2017,2,"",63,10315,10257,10391,179134971,6873663,203370,1335,"",2.08,4.38,4.35,4.38,5.36,2.85,2.38,1.23,"",-2,-3.1,-954,-8.5,-1009,-9,-1005,-8.8,-29371056,-14.1,-1547493,-18.4,-93249,-31.4,-83,-5.9
"1629",39000,5,"336310",58,0,2017,2,"",63,10315,10257,10391,179134971,6873663,203370,1335,"",2.08,4.38,4.35,4.38,5.36,2.85,2.38,1.23,"",-2,-3.1,-954,-8.5,-1009,-9,-1005,-8.8,-29371056,-14.1,-1547493,-18.4,-93249,-31.4,-83,-5.9
"1630",39000,5,"33632",57,0,2017,2,"",50,6524,6530,6366,85759584,6533620,164346,1019,"",2.14,2.8,2.8,2.72,2.96,2.22,1.5,1.07,"",1,2,66,1,156,2.4,78,1.2,-956989,-1.1,-1620331,-19.9,-119594,-42.1,-28,-2.7
"1631",39000,5,"336320",58,0,2017,2,"",50,6524,6530,6366,85759584,6533620,164346,1019,"",2.14,2.8,2.8,2.72,2.96,2.22,1.5,1.07,"",1,2,66,1,156,2.4,78,1.2,-956989,-1.1,-1620331,-19.9,-119594,-42.1,-28,-2.7
"1632",39000,5,"33633",57,0,2017,2,"",16,4544,4554,4554,57229516,3793195,103032,967,"",2.05,3.28,3.3,3.29,3.39,4.04,3.16,1.03,"",-2,-11.1,-144,-3.1,-132,-2.8,-138,-2.9,-2937585,-4.9,-1007900,-21,4910,5,-20,-2
"1633",39000,5,"336330",58,0,2017,2,"",16,4544,4554,4554,57229516,3793195,103032,967,"",2.05,3.28,3.3,3.29,3.39,4.04,3.16,1.03,"",-2,-11.1,-144,-3.1,-132,-2.8,-138,-2.9,-2937585,-4.9,-1007900,-21,4910,5,-20,-2
"1634",39000,5,"33634",57,0,2017,2,"",26,2728,2723,2741,33547463,2981081,95834,945,"",4.12,2.81,2.8,2.8,2.34,2.65,3.21,0.84,"",-1,-3.7,-12,-0.4,-16,-0.6,-39,-1.4,270407,0.8,-365726,-10.9,5968,6.6,15,1.6
"1635",39000,5,"336340",58,0,2017,2,"",26,2728,2723,2741,33547463,2981081,95834,945,"",4.12,2.81,2.8,2.8,2.34,2.65,3.21,0.84,"",-1,-3.7,-12,-0.4,-16,-0.6,-39,-1.4,270407,0.8,-365726,-10.9,5968,6.6,15,1.6
"1636",39000,5,"33635",57,0,2017,2,"",33,9654,9574,9582,184764203,4881145,200593,1480,"",1.91,3.15,3.12,3.11,4.06,1.54,2.28,1.3,"",-1,-2.9,-338,-3.4,-310,-3.1,-356,-3.6,-13092204,-6.6,-1370068,-21.9,-79784,-28.5,-51,-3.3
"1637",39000,5,"336350",58,0,2017,2,"",33,9654,9574,9582,184764203,4881145,200593,1480,"",1.91,3.15,3.12,3.11,4.06,1.54,2.28,1.3,"",-1,-2.9,-338,-3.4,-310,-3.1,-356,-3.6,-13092204,-6.6,-1370068,-21.9,-79784,-28.5,-51,-3.3
"1638",39000,5,"33636",57,0,2017,2,"",40,7508,7459,7539,85230339,11766978,484148,874,"",2.37,2.67,2.65,2.67,2.68,3.66,3.42,1.01,"",2,5.3,358,5,334,4.7,403,5.6,7071988,9,-3091517,-20.8,1758,0.4,32,3.8
"1639",39000,5,"336360",58,0,2017,2,"",40,7508,7459,7539,85230339,11766978,484148,874,"",2.37,2.67,2.65,2.67,2.68,3.66,3.42,1.01,"",2,5.3,358,5,334,4.7,403,5.6,7071988,9,-3091517,-20.8,1758,0.4,32,3.8
"1640",39000,5,"33637",57,0,2017,2,"",104,13631,13555,13579,178109034,12810108,450970,1008,"",6.2,4.07,4.04,4.05,4.08,4.28,3.26,1.01,"",5,5.1,2063,17.8,2005,17.4,1998,17.3,35075046,24.5,-1218780,-8.7,-5237,-1.1,57,6
"1641",39000,5,"336370",58,0,2017,2,"",104,13631,13555,13579,178109034,12810108,450970,1008,"",6.2,4.07,4.04,4.05,4.08,4.28,3.26,1.01,"",5,5.1,2063,17.8,2005,17.4,1998,17.3,35075046,24.5,-1218780,-8.7,-5237,-1.1,57,6
"1642",39000,5,"33639",57,0,2017,2,"",142,20487,20428,20493,267545741,23260607,870760,1005,"",2.73,3.57,3.55,3.55,3.89,2.95,3.37,1.09,"",-6,-4.1,-565,-2.7,-575,-2.7,-676,-3.2,-1934542,-0.7,-4129517,-15.1,-60580,-6.5,21,2.1
"1643",39000,5,"336390",58,0,2017,2,"",142,20487,20428,20493,267545741,23260607,870760,1005,"",2.73,3.57,3.55,3.55,3.89,2.95,3.37,1.09,"",-6,-4.1,-565,-2.7,-575,-2.7,-676,-3.2,-1934542,-0.7,-4129517,-15.1,-60580,-6.5,21,2.1
"1644",39000,5,"3364",56,0,2017,2,"",134,19316,19292,19597,461252889,10202430,244635,1829,"",1.38,1.07,1.07,1.08,1.17,0.3,0.55,1.09,"",1,0.8,1144,6.3,1035,5.7,1040,5.6,-15873786,-3.3,-860182,-7.8,39738,19.4,-173,-8.6
"1645",39000,5,"33641",57,0,2017,2,"",134,19316,19292,19597,461252889,10202430,244635,1829,"",1.38,1.07,1.07,1.08,1.17,0.3,0.55,1.09,"",1,0.8,1144,6.3,1035,5.7,1040,5.6,-15873786,-3.3,-860182,-7.8,39738,19.4,-173,-8.6
"1646",39000,5,"336411",58,0,2017,2,"N",9,0,0,0,0,0,0,0,"N",0.41,0,0,0,0,0,0,0,"N",-1,-10,0,0,0,0,0,0,0,0,0,0,0,0,0,0
"1647",39000,5,"336412",58,0,2017,2,"",75,15427,15434,15659,389681514,7961876,174979,1933,"",3.59,5.2,5.15,5.14,6.49,2.91,2.26,1.26,"",-1,-1.3,945,6.5,877,6,861,5.8,-20436849,-5,-411548,-4.9,48314,38.1,-226,-10.5
"1648",39000,5,"336413",58,0,2017,2,"",49,3806,3776,3850,70701228,2101169,65531,1427,"",1.07,0.96,0.95,0.96,1.09,0.27,0.41,1.14,"",3,6.5,202,5.6,158,4.4,171,4.6,4676592,7.1,-451382,-17.7,-8666,-11.7,29,2.1
"1649",39000,5,"336419",58,0,2017,2,"N",1,0,0,0,0,0,0,0,"N",0.56,0,0,0,0,0,0,0,"N",0,0,0,0,0,0,0,0,0,0,0,0,0,0,0,0
"1650",39000,5,"3365",56,0,2017,2,"",9,194,204,209,2102663,383821,21489,799,"",0.87,0.23,0.25,0.26,0.17,0.38,0.51,0.68,"",-4,-30.8,-138,-41.6,-127,-38.4,-115,-35.5,-1133648,-35,-351262,-47.8,-3615,-14.4,42,5.5
"1651",39000,5,"33651",57,0,2017,2,"",9,194,204,209,2102663,383821,21489,799,"",0.87,0.23,0.25,0.26,0.17,0.38,0.51,0.68,"",-4,-30.8,-138,-41.6,-127,-38.4,-115,-35.5,-1133648,-35,-351262,-47.8,-3615,-14.4,42,5.5
"1652",39000,5,"336510",58,0,2017,2,"",9,194,204,209,2102663,383821,21489,799,"",0.87,0.23,0.25,0.26,0.17,0.38,0.51,0.68,"",-4,-30.8,-138,-41.6,-127,-38.4,-115,-35.5,-1133648,-35,-351262,-47.8,-3615,-14.4,42,5.5
"1653",39000,5,"3366",56,0,2017,2,"",14,259,259,266,2983257,494732,16597,878,"",0.25,0.05,0.05,0.05,0.04,0.06,0.06,0.83,"",5,55.6,119,85,122,89.1,121,83.4,1433224,92.5,245617,98.6,1605,10.7,30,3.5
"1654",39000,5,"33661",57,0,2017,2,"",14,259,259,266,2983257,494732,16597,878,"",0.25,0.05,0.05,0.05,0.04,0.06,0.06,0.83,"",5,55.6,119,85,122,89.1,121,83.4,1433224,92.5,245617,98.6,1605,10.7,30,3.5
"1655",39000,5,"336611",58,0,2017,2,"",6,187,182,183,2273692,296594,10155,951,"",0.24,0.05,0.05,0.05,0.04,0.06,0.06,0.81,"",3,100,114,156.2,107,142.7,103,128.8,1255067,123.2,187552,172,2140,26.7,-80,-7.8
"1656",39000,5,"336612",58,0,2017,2,"",8,72,77,83,709565,198138,6442,706,"",0.25,0.05,0.05,0.05,0.05,0.06,0.05,0.92,"",2,33.3,5,7.5,15,24.2,18,27.7,178157,33.5,58065,41.5,-535,-7.7,74,11.7
"1657",39000,5,"3369",56,0,2017,2,"",28,964,967,1009,16302371,1531119,112341,1280,"",0.87,0.74,0.74,0.77,0.97,0.79,1.23,1.29,"",0,0,119,14.1,106,12.3,154,18,1690268,11.6,274404,21.8,41771,59.2,-37,-2.8
"1658",39000,5,"33699",57,0,2017,2,"",28,964,967,1009,16302371,1531119,112341,1280,"",0.87,0.74,0.74,0.77,0.97,0.79,1.23,1.29,"",0,0,119,14.1,106,12.3,154,18,1690268,11.6,274404,21.8,41771,59.2,-37,-2.8
"1659",39000,5,"336991",58,0,2017,2,"N",11,0,0,0,0,0,0,0,"N",0.77,0,0,0,0,0,0,0,"N",0,0,0,0,0,0,0,0,0,0,0,0,0,0,0,0
"1660",39000,5,"336992",58,0,2017,2,"N",3,0,0,0,0,0,0,0,"N",1.26,0,0,0,0,0,0,0,"N",0,0,0,0,0,0,0,0,0,0,0,0,0,0,0,0
"1661",39000,5,"336999",58,0,2017,2,"",14,188,187,189,1482496,485790,20469,607,"",0.91,0.32,0.31,0.31,0.23,0.42,0.41,0.73,"",0,0,2,1.1,-1,-0.5,0,0,115369,8.4,-50215,-9.4,2971,17,47,8.4
"1662",39000,5,"337",55,0,2017,2,"",722,16015,16144,16470,169415199,22014078,700170,804,"",1.35,1.1,1.1,1.11,1.19,0.7,0.82,1.08,"",13,1.8,690,4.5,669,4.3,729,4.6,10226069,6.4,-1849502,-7.8,39655,6,15,1.9
"1663",39000,5,"3371",56,0,2017,2,"",524,11629,11746,12035,119257632,16045082,509415,777,"",1.34,1.26,1.27,1.29,1.42,0.75,0.96,1.12,"",17,3.4,499,4.5,487,4.3,539,4.7,7181795,6.4,-1010221,-5.9,27848,5.8,14,1.8
"1664",39000,5,"33711",57,0,2017,2,"",254,4250,4289,4358,44768880,5729236,267467,801,"",1.02,0.97,0.97,0.97,1.1,0.58,1.06,1.14,"",3,1.2,67,1.6,107,2.6,153,3.6,1640672,3.8,-558392,-8.9,3829,1.5,9,1.1
"1665",39000,5,"337110",58,0,2017,2,"",254,4250,4289,4358,44768880,5729236,267467,801,"",1.02,0.97,0.97,0.97,1.1,0.58,1.06,1.14,"",3,1.2,67,1.6,107,2.6,153,3.6,1640672,3.8,-558392,-8.9,3829,1.5,9,1.1
"1666",39000,5,"33712",57,0,2017,2,"",270,7379,7457,7677,74488752,10315846,241948,764,"",1.91,1.53,1.54,1.57,1.72,0.9,0.87,1.11,"",14,5.5,432,6.2,380,5.4,386,5.3,5541123,8,-451829,-4.2,24019,11,18,2.4
"1667",39000,5,"337121",58,0,2017,2,"",26,403,406,409,3451482,937729,24337,654,"",0.98,0.17,0.18,0.18,0.17,0.14,0.21,0.99,"",4,18.2,33,8.9,26,6.8,35,9.4,753403,27.9,-52404,-5.3,231,1,100,18.1
"1668",39000,5,"337122",58,0,2017,2,"",199,4273,4344,4415,36823496,5970890,122992,652,"",2.56,3.52,3.57,3.63,3.66,2.49,1.57,1.02,"",6,3.1,215,5.3,218,5.3,153,3.6,2803347,8.2,17791,0.3,24564,25,21,3.3
"1669",39000,5,"337124",58,0,2017,2,"",10,127,124,121,1504048,192020,4517,933,"",0.96,0.57,0.55,0.53,0.7,0.46,0.35,1.27,"",0,0,-9,-6.6,-13,-9.5,-14,-10.4,120705,8.7,-26202,-12,694,18.2,151,19.3
"1670",39000,5,"337125",58,0,2017,2,"",11,791,783,803,9340133,1265847,46251,907,"",1.45,4.1,4.01,4.09,4.7,4.04,4.23,1.16,"",2,22.2,50,6.7,42,5.7,82,11.4,1199657,14.7,-181281,-12.5,-8117,-14.9,54,6.3
"1671",39000,5,"337127",58,0,2017,2,"",24,1785,1800,1929,23369593,1949360,43851,978,"",1.25,2.01,2,2.07,2.48,1.05,0.72,1.22,"",2,9.1,143,8.7,107,6.3,130,7.2,664011,2.9,-209733,-9.7,6647,17.9,-43,-4.2
"1672",39000,5,"3372",56,0,2017,2,"",176,3563,3563,3573,41089981,5014736,163267,886,"",1.53,0.89,0.88,0.88,0.92,0.66,0.63,1.04,"",-3,-1.7,162,4.8,125,3.6,97,2.8,2566986,6.7,-760245,-13.2,5328,3.4,24,2.8
"1673",39000,5,"33721",57,0,2017,2,"",176,3563,3563,3573,41089981,5014736,163267,886,"",1.53,0.89,0.88,0.88,0.92,0.66,0.63,1.04,"",-3,-1.7,162,4.8,125,3.6,97,2.8,2566986,6.7,-760245,-13.2,5328,3.4,24,2.8
"1674",39000,5,"337211",58,0,2017,2,"",20,318,315,321,3531611,495627,17499,854,"",1.29,0.47,0.47,0.47,0.5,0.42,0.39,1.06,"",-1,-4.8,13,4.3,9,2.9,-1,-0.3,254147,7.8,-111011,-18.3,5540,46.3,43,5.3
"1675",39000,5,"337212",58,0,2017,2,"",55,1095,1110,1117,13865960,1478583,49590,963,"",1.24,1.34,1.35,1.36,1.42,0.89,0.77,1.06,"",1,1.9,35,3.3,27,2.5,14,1.3,632287,4.8,-242035,-14.1,-6112,-11,22,2.3
"1676",39000,5,"337214",58,0,2017,2,"",10,158,155,160,1663491,227132,13149,812,"",0.85,0.19,0.18,0.18,0.16,0.15,0.32,0.85,"",-1,-9.1,6,3.9,3,2,10,6.7,-44108,-2.6,-24589,-9.8,1170,9.8,-56,-6.5
"1677",39000,5,"337215",58,0,2017,2,"",91,1992,1983,1975,22028919,2813394,83029,854,"",2.09,1.19,1.18,1.17,1.27,0.86,0.76,1.08,"",-2,-2.2,108,5.7,86,4.5,74,3.9,1724660,8.5,-382610,-12,4730,6,29,3.5
"1678",39000,5,"3379",56,0,2017,2,"",22,823,835,862,9067586,954260,27488,830,"",0.74,0.6,0.6,0.62,0.68,0.37,0.41,1.13,"",-1,-4.3,29,3.7,57,7.3,93,12.1,477288,5.6,-79036,-7.6,6479,30.8,-17,-2
"1679",39000,5,"33791",57,0,2017,2,"",15,751,758,782,8269557,828702,22850,833,"",0.89,0.81,0.82,0.84,0.91,0.46,0.49,1.11,"",-1,-6.2,42,5.9,63,9.1,94,13.7,500070,6.4,-37602,-4.3,9024,65.3,-24,-2.8
"1680",39000,5,"337910",58,0,2017,2,"",15,751,758,782,8269557,828702,22850,833,"",0.89,0.81,0.82,0.84,0.91,0.46,0.49,1.11,"",-1,-6.2,42,5.9,63,9.1,94,13.7,500070,6.4,-37602,-4.3,9024,65.3,-24,-2.8
"1681",39000,5,"33792",57,0,2017,2,"",7,72,77,80,798029,125558,4638,804,"",0.54,0.16,0.17,0.17,0.19,0.16,0.23,1.14,"",0,0,-13,-15.3,-6,-7.2,-1,-1.2,-22782,-2.8,-41434,-24.8,-2545,-35.4,43,5.7
"1682",39000,5,"337920",58,0,2017,2,"",7,72,77,80,798029,125558,4638,804,"",0.54,0.16,0.17,0.17,0.19,0.16,0.23,1.14,"",0,0,-13,-15.3,-6,-7.2,-1,-1.2,-22782,-2.8,-41434,-24.8,-2545,-35.4,43,5.7
"1683",39000,5,"339",55,0,2017,2,"",940,20892,20934,21157,254949856,30673279,857187,934,"",0.96,0.95,0.95,0.95,0.84,0.76,0.82,0.88,"",-3,-0.3,-413,-1.9,-577,-2.7,-308,-1.4,11578997,4.8,-2754855,-8.2,22072,2.6,60,6.9
"1684",39000,5,"3391",56,0,2017,2,"",334,8604,8542,8600,119693609,10511923,263363,1073,"",0.87,0.75,0.74,0.74,0.65,0.55,0.61,0.87,"",-1,-0.3,-155,-1.8,-260,-3,-209,-2.4,10954452,10.1,-988346,-8.6,37323,16.5,121,12.7
"1685",39000,5,"33911",57,0,2017,2,"",334,8604,8542,8600,119693609,10511923,263363,1073,"",0.87,0.75,0.74,0.74,0.65,0.55,0.61,0.87,"",-1,-0.3,-155,-1.8,-260,-3,-209,-2.4,10954452,10.1,-988346,-8.6,37323,16.5,121,12.7
"1686",39000,5,"339112",58,0,2017,2,"",31,1837,1838,1869,29935098,1500711,40318,1246,"",0.47,0.41,0.41,0.41,0.37,0.2,0.27,0.9,"",1,3.3,-46,-2.4,-45,-2.4,-42,-2.2,1837865,6.5,-244622,-14,3750,10.3,104,9.1
"1687",39000,5,"339113",58,0,2017,2,"",104,4265,4220,4228,53744469,5102634,132379,976,"",1.16,1.14,1.12,1.12,0.83,0.9,0.9,0.74,"",5,5.1,-143,-3.2,-221,-5,-211,-4.8,-1713061,-3.1,-816656,-13.8,18687,16.4,13,1.3
"1688",39000,5,"339114",58,0,2017,2,"N",8,0,0,0,0,0,0,0,"N",0.43,0,0,0,0,0,0,0,"N",0,0,0,0,0,0,0,0,0,0,0,0,0,0,0,0
"1689",39000,5,"339115",58,0,2017,2,"N",21,0,0,0,0,0,0,0,"N",1.03,0,0,0,0,0,0,0,"N",-2,-8.7,0,0,0,0,0,0,0,0,0,0,0,0,0,0
"1690",39000,5,"339116",58,0,2017,2,"",170,1196,1185,1210,12634567,1944708,45055,812,"",0.91,0.71,0.7,0.71,0.77,0.64,0.62,1.08,"",-5,-2.9,42,3.6,20,1.7,54,4.7,1389425,12.4,2555,0.1,7752,20.8,65,8.7
"1691",39000,5,"3399",56,0,2017,2,"",606,12288,12392,12557,135256247,20161356,593824,838,"",1.02,1.17,1.17,1.18,1.12,0.94,0.97,0.95,"",-2,-0.3,-258,-2.1,-317,-2.5,-99,-0.8,624545,0.5,-1766509,-8.1,-15251,-2.5,18,2.2
"1692",39000,5,"33991",57,0,2017,2,"",43,248,237,244,2871985,463245,12091,909,"",0.64,0.26,0.25,0.26,0.28,0.21,0.15,1.08,"",1,2.4,6,2.5,-2,-0.8,6,2.5,116400,4.2,77197,20,4053,50.4,25,2.8
"1693",39000,5,"339910",58,0,2017,2,"",43,248,237,244,2871985,463245,12091,909,"",0.64,0.26,0.25,0.26,0.28,0.21,0.15,1.08,"",1,2.4,6,2.5,-2,-0.8,6,2.5,116400,4.2,77197,20,4053,50.4,25,2.8
"1694",39000,5,"33992",57,0,2017,2,"",44,1434,1439,1442,15701789,2616098,95622,840,"",0.75,0.9,0.9,0.9,0.86,0.64,0.98,0.96,"",0,0,115,8.7,116,8.8,101,7.5,1444600,10.1,-283829,-9.8,-16277,-14.5,14,1.7
"1695",39000,5,"339920",58,0,2017,2,"",44,1434,1439,1442,15701789,2616098,95622,840,"",0.75,0.9,0.9,0.9,0.86,0.64,0.98,0.96,"",0,0,115,8.7,116,8.8,101,7.5,1444600,10.1,-283829,-9.8,-16277,-14.5,14,1.7
"1696",39000,5,"33993",57,0,2017,2,"",23,711,720,723,7778232,1090662,42993,833,"",1.09,1.78,1.8,1.8,1.24,1.16,1.82,0.69,"",-2,-8,48,7.2,43,6.4,34,4.9,389906,5.3,-105171,-8.8,-9320,-17.8,-7,-0.8
"1697",39000,5,"339930",58,0,2017,2,"",23,711,720,723,7778232,1090662,42993,833,"",1.09,1.78,1.8,1.8,1.24,1.16,1.82,0.69,"",-2,-8,48,7.2,43,6.4,34,4.9,389906,5.3,-105171,-8.8,-9320,-17.8,-7,-0.8
"1698",39000,5,"33994",57,0,2017,2,"",24,269,272,279,2822453,603712,13569,794,"",1.46,0.65,0.65,0.66,0.63,0.92,0.65,0.97,"",0,0,-31,-10.3,-24,-8.1,-32,-10.3,26477,0.9,-26107,-4.1,3901,40.3,83,11.7
"1699",39000,5,"339940",58,0,2017,2,"",24,269,272,279,2822453,603712,13569,794,"",1.46,0.65,0.65,0.66,0.63,0.92,0.65,0.97,"",0,0,-31,-10.3,-24,-8.1,-32,-10.3,26477,0.9,-26107,-4.1,3901,40.3,83,11.7
"1700",39000,5,"33995",57,0,2017,2,"",287,3512,3578,3610,39696224,4996022,157218,856,"",1.38,1.22,1.23,1.24,1.29,0.87,1,1.05,"",0,0,-95,-2.6,-160,-4.3,5,0.1,199945,0.5,-1407208,-22,-25474,-13.9,24,2.9
"1701",39000,5,"339950",58,0,2017,2,"",287,3512,3578,3610,39696224,4996022,157218,856,"",1.38,1.22,1.23,1.24,1.29,0.87,1,1.05,"",0,0,-95,-2.6,-160,-4.3,5,0.1,199945,0.5,-1407208,-22,-25474,-13.9,24,2.9
"1702",39000,5,"33999",57,0,2017,2,"",185,6114,6146,6259,66385564,10391617,272331,827,"",0.83,1.44,1.43,1.45,1.29,1.32,1.17,0.9,"",-1,-0.5,-301,-4.7,-290,-4.5,-213,-3.3,-1552783,-2.3,-21391,-0.2,27866,11.4,16,2
"1703",39000,5,"339991",58,0,2017,2,"",43,1954,1959,2016,22412829,4044311,97674,872,"",1.88,1.79,1.78,1.81,1.57,2.66,1.91,0.88,"",-2,-4.4,-354,-15.3,-321,-14.1,-280,-12.2,-3801087,-14.5,460154,12.8,26749,37.7,-7,-0.8
"1704",39000,5,"339992",58,0,2017,2,"",22,567,567,574,5881516,804912,24319,795,"",1.13,1.43,1.41,1.42,1.37,1.47,1.59,0.97,"",-1,-4.3,5,0.9,1,0.2,12,2.1,299176,5.4,114795,16.6,2090,9.4,33,4.3
"1705",39000,5,"339993",58,0,2017,2,"N",6,0,0,0,0,0,0,0,"N",0.96,0,0,0,0,0,0,0,"N",0,0,0,0,0,0,0,0,0,0,0,0,0,0,0,0
"1706",39000,5,"339994",58,0,2017,2,"",17,1042,1080,1139,10864801,1625940,25921,769,"",2.5,3.17,3.26,3.4,3.05,2.24,1.71,0.93,"",-2,-10.5,-58,-5.3,-55,-4.8,-49,-4.1,-865198,-7.4,-256982,-13.6,1666,6.9,-22,-2.8
"1707",39000,5,"339995",58,0,2017,2,"N",2,0,0,0,0,0,0,0,"N",0.57,0,0,0,0,0,0,0,"N",0,0,0,0,0,0,0,0,0,0,0,0,0,0,0,0
"1708",39000,5,"339999",58,0,2017,2,"",95,2415,2405,2398,25546464,3708011,119503,817,"",0.58,1.14,1.12,1.11,0.99,0.8,0.85,0.88,"",4,4.4,132,5.8,100,4.3,125,5.5,3097128,13.8,-285715,-7.2,-2180,-1.8,62,8.2
"1709",39000,5,"42",54,0,2017,2,"",24211,234653,236295,238014,3907257076,293013327,8198373,1272,"",1.31,1.07,1.07,1.07,1.1,0.77,0.84,1.02,"",454,1.9,582,0.2,725,0.3,1644,0.7,167395566,4.5,-21273095,-6.8,571491,7.5,50,4.1
"1710",39000,5,"423",55,0,2017,2,"",10249,127421,128236,129461,2020904061,151349914,4421981,1211,"",1.33,1.16,1.16,1.16,1.15,0.81,0.92,0.99,"",172,1.7,-221,-0.2,264,0.2,854,0.7,77414798,4,-13584739,-8.2,439447,11,44,3.8
"1711",39000,5,"4231",56,0,2017,2,"",843,14204,14265,14487,176674169,20761657,504669,949,"",1.21,1.14,1.14,1.15,1.13,0.93,0.97,0.99,"",4,0.5,-432,-3,-346,-2.4,-184,-1.3,-76954,0,-2371198,-10.3,55542,12.4,20,2.2
"1712",39000,5,"42311",57,0,2017,2,"",206,5009,5029,5047,65222382,6687573,172504,998,"",1.15,1.15,1.15,1.15,1.05,0.84,1.05,0.91,"",5,2.5,-54,-1.1,-50,-1,-25,-0.5,3072360,4.9,-133325,-2,23561,15.8,55,5.8
"1713",39000,5,"423110",58,0,2017,2,"",206,5009,5029,5047,65222382,6687573,172504,998,"",1.15,1.15,1.15,1.15,1.05,0.84,1.05,0.91,"",5,2.5,-54,-1.1,-50,-1,-25,-0.5,3072360,4.9,-133325,-2,23561,15.8,55,5.8
"1714",39000,5,"42312",57,0,2017,2,"",465,6981,7003,7149,86392367,10800955,251477,943,"",1.21,1.12,1.12,1.14,1.18,1.01,0.95,1.04,"",2,0.4,-268,-3.7,-209,-2.9,-98,-1.4,-1817747,-2.1,-1270321,-10.5,38816,18.3,5,0.5
"1715",39000,5,"423120",58,0,2017,2,"",465,6981,7003,7149,86392367,10800955,251477,943,"",1.21,1.12,1.12,1.14,1.18,1.01,0.95,1.04,"",2,0.4,-268,-3.7,-209,-2.9,-98,-1.4,-1817747,-2.1,-1270321,-10.5,38816,18.3,5,0.5
"1716",39000,5,"42313",57,0,2017,2,"",72,1233,1248,1272,15233509,1586836,43604,937,"",1.13,1.16,1.17,1.19,1.16,0.85,0.95,0.99,"",1,1.4,-35,-2.8,-25,-2,-26,-2,-416016,-2.7,-555025,-25.9,-6622,-13.2,-4,-0.4
"1717",39000,5,"423130",58,0,2017,2,"",72,1233,1248,1272,15233509,1586836,43604,937,"",1.13,1.16,1.17,1.19,1.16,0.85,0.95,0.99,"",1,1.4,-35,-2.8,-25,-2,-26,-2,-416016,-2.7,-555025,-25.9,-6622,-13.2,-4,-0.4
"1718",39000,5,"42314",57,0,2017,2,"",100,981,985,1019,9825911,1686293,37084,760,"",1.51,1.17,1.17,1.21,1.32,1,0.89,1.11,"",-4,-3.8,-75,-7.1,-62,-5.9,-35,-3.3,-915551,-8.5,-412527,-19.7,-213,-0.6,-25,-3.2
"1719",39000,5,"423140",58,0,2017,2,"",100,981,985,1019,9825911,1686293,37084,760,"",1.51,1.17,1.17,1.21,1.32,1,0.89,1.11,"",-4,-3.8,-75,-7.1,-62,-5.9,-35,-3.3,-915551,-8.5,-412527,-19.7,-213,-0.6,-25,-3.2
"1720",39000,5,"4232",56,0,2017,2,"",277,3359,3394,3435,47293449,4950566,139622,1071,"",0.87,0.83,0.83,0.84,0.86,0.69,0.7,1.03,"",15,5.7,248,8,271,8.7,294,9.4,4934878,11.7,226870,4.8,36327,35.2,28,2.7
"1721",39000,5,"42321",57,0,2017,2,"",143,1329,1336,1345,19428543,2038086,62275,1118,"",1.02,0.75,0.75,0.75,0.79,0.67,0.74,1.05,"",9,6.7,69,5.5,66,5.2,67,5.2,2452974,14.5,174773,9.4,19419,45.3,89,8.6
"1722",39000,5,"423210",58,0,2017,2,"",143,1329,1336,1345,19428543,2038086,62275,1118,"",1.02,0.75,0.75,0.75,0.79,0.67,0.74,1.05,"",9,6.7,69,5.5,66,5.2,67,5.2,2452974,14.5,174773,9.4,19419,45.3,89,8.6
"1723",39000,5,"42322",57,0,2017,2,"",134,2030,2058,2090,27864906,2912480,77347,1041,"",0.75,0.89,0.9,0.9,0.91,0.7,0.67,1.02,"",6,4.7,179,9.7,205,11.1,227,12.2,2481904,9.8,52097,1.8,16908,28,-11,-1
"1724",39000,5,"423220",58,0,2017,2,"",134,2030,2058,2090,27864906,2912480,77347,1041,"",0.75,0.89,0.9,0.9,0.91,0.7,0.67,1.02,"",6,4.7,179,9.7,205,11.1,227,12.2,2481904,9.8,52097,1.8,16908,28,-11,-1
"1725",39000,5,"4233",56,0,2017,2,"",666,7054,7147,7216,94721230,11463947,445710,1021,"",1.17,0.85,0.85,0.85,0.83,0.69,0.9,0.99,"",9,1.4,-338,-4.6,-297,-4,-310,-4.1,-2959063,-3,-2076566,-15.3,-49763,-10,13,1.3
"1726",39000,5,"42331",57,0,2017,2,"",266,3031,3063,3080,38881252,4610831,114712,978,"",1.2,0.78,0.78,0.78,0.74,0.58,0.63,0.95,"",16,6.4,-410,-11.9,-356,-10.4,-352,-10.3,-5651751,-12.7,-1264187,-21.5,-46646,-28.9,-21,-2.1
"1727",39000,5,"423310",58,0,2017,2,"",266,3031,3063,3080,38881252,4610831,114712,978,"",1.2,0.78,0.78,0.78,0.74,0.58,0.63,0.95,"",16,6.4,-410,-11.9,-356,-10.4,-352,-10.3,-5651751,-12.7,-1264187,-21.5,-46646,-28.9,-21,-2.1
"1728",39000,5,"42332",57,0,2017,2,"",195,2039,2052,2075,25956463,3740772,179188,971,"",1.16,0.96,0.95,0.94,0.94,0.95,1.17,0.99,"",-4,-2,99,5.1,56,2.8,37,1.8,2368477,10,-203963,-5.2,-4863,-2.6,60,6.6
"1729",39000,5,"423320",58,0,2017,2,"",195,2039,2052,2075,25956463,3740772,179188,971,"",1.16,0.96,0.95,0.94,0.94,0.95,1.17,0.99,"",-4,-2,99,5.1,56,2.8,37,1.8,2368477,10,-203963,-5.2,-4863,-2.6,60,6.6
"1730",39000,5,"42333",57,0,2017,2,"",116,1206,1226,1241,19037392,1909545,110715,1196,"",1.34,0.92,0.92,0.92,0.93,0.68,1.03,1.01,"",0,0,-26,-2.1,-3,-0.2,6,0.5,-193327,-1,-207194,-9.8,749,0.7,-5,-0.4
"1731",39000,5,"423330",58,0,2017,2,"",116,1206,1226,1241,19037392,1909545,110715,1196,"",1.34,0.92,0.92,0.92,0.93,0.68,1.03,1.01,"",0,0,-26,-2.1,-3,-0.2,6,0.5,-193327,-1,-207194,-9.8,749,0.7,-5,-0.4
"1732",39000,5,"42339",57,0,2017,2,"",89,778,806,820,10846123,1202799,41095,1041,"",0.99,0.78,0.8,0.8,0.82,0.59,0.73,1.04,"",-3,-3.3,-1,-0.1,6,0.8,-1,-0.1,517538,5,-401222,-25,997,2.5,48,4.8
"1733",39000,5,"423390",58,0,2017,2,"",89,778,806,820,10846123,1202799,41095,1041,"",0.99,0.78,0.8,0.8,0.82,0.59,0.73,1.04,"",-3,-3.3,-1,-0.1,6,0.8,-1,-0.1,517538,5,-401222,-25,997,2.5,48,4.8
"1734",39000,5,"4234",56,0,2017,2,"",1996,25238,25452,25687,534863765,24918624,681158,1616,"",1.37,1.09,1.1,1.11,1.07,0.75,0.75,0.97,"",95,5,277,1.1,371,1.5,485,1.9,36568229,7.3,-3390154,-12,-2168,-0.3,88,5.8
"1735",39000,5,"42341",57,0,2017,2,"",23,119,119,120,2114796,140053,4792,1363,"",0.71,0.23,0.23,0.23,0.18,0.15,0.19,0.79,"",-3,-11.5,-30,-20.1,-30,-20.1,-36,-23.1,-266304,-11.2,-13777,-9,1404,41.4,153,12.6
"1736",39000,5,"423410",58,0,2017,2,"",23,119,119,120,2114796,140053,4792,1363,"",0.71,0.23,0.23,0.23,0.18,0.15,0.19,0.79,"",-3,-11.5,-30,-20.1,-30,-20.1,-36,-23.1,-266304,-11.2,-13777,-9,1404,41.4,153,12.6
"1737",39000,5,"42342",57,0,2017,2,"",344,4492,4479,4485,69622271,4184690,113070,1194,"",2,1.41,1.4,1.41,1.43,0.75,0.75,1.01,"",-4,-1.1,-238,-5,-239,-5.1,-214,-4.6,2829526,4.2,-450487,-9.7,2356,2.1,104,9.5
"1738",39000,5,"423420",58,0,2017,2,"",344,4492,4479,4485,69622271,4184690,113070,1194,"",2,1.41,1.4,1.41,1.43,0.75,0.75,1.01,"",-4,-1.1,-238,-5,-239,-5.1,-214,-4.6,2829526,4.2,-450487,-9.7,2356,2.1,104,9.5
"1739",39000,5,"42343",57,0,2017,2,"",394,5677,5677,5687,163745030,3934303,103464,2217,"",1.11,0.71,0.71,0.71,0.72,0.41,0.38,1.02,"",30,8.2,-214,-3.6,-203,-3.5,-159,-2.7,650112,0.4,-519031,-11.7,2374,2.3,81,3.8
"1740",39000,5,"423430",58,0,2017,2,"",394,5677,5677,5687,163745030,3934303,103464,2217,"",1.11,0.71,0.71,0.71,0.72,0.41,0.38,1.02,"",30,8.2,-214,-3.6,-203,-3.5,-159,-2.7,650112,0.4,-519031,-11.7,2374,2.3,81,3.8
"1741",39000,5,"42344",57,0,2017,2,"",218,3315,3339,3333,48965216,3164503,81069,1131,"",1.37,1.67,1.67,1.65,1.83,0.92,0.92,1.1,"",10,4.8,171,5.4,170,5.4,155,4.9,3472898,7.6,-710553,-18.3,-10571,-11.5,25,2.3
"1742",39000,5,"423440",58,0,2017,2,"",218,3315,3339,3333,48965216,3164503,81069,1131,"",1.37,1.67,1.67,1.65,1.83,0.92,0.92,1.1,"",10,4.8,171,5.4,170,5.4,155,4.9,3472898,7.6,-710553,-18.3,-10571,-11.5,25,2.3
"1743",39000,5,"42345",57,0,2017,2,"",894,9957,10049,10104,228685320,10713126,290561,1753,"",1.52,1.32,1.32,1.33,1.44,1,1,1.09,"",56,6.7,568,6,654,7,722,7.7,28606384,14.3,-1342909,-11.1,6909,2.4,114,7
"1744",39000,5,"423450",58,0,2017,2,"",894,9957,10049,10104,228685320,10713126,290561,1753,"",1.52,1.32,1.32,1.33,1.44,1,1,1.09,"",56,6.7,568,6,654,7,722,7.7,28606384,14.3,-1342909,-11.1,6909,2.4,114,7
"1745",39000,5,"42346",57,0,2017,2,"",55,1047,1060,1076,12376590,1715021,39369,897,"",1.04,1.41,1.41,1.41,1.16,1.46,1.19,0.82,"",7,14.6,10,1,27,2.6,45,4.4,738975,6.3,-198543,-10.4,-6930,-15,31,3.6
"1746",39000,5,"423460",58,0,2017,2,"",55,1047,1060,1076,12376590,1715021,39369,897,"",1.04,1.41,1.41,1.41,1.16,1.46,1.19,0.82,"",7,14.6,10,1,27,2.6,45,4.4,738975,6.3,-198543,-10.4,-6930,-15,31,3.6
"1747",39000,5,"42349",57,0,2017,2,"",68,631,729,882,9354542,1066928,48833,963,"",0.72,0.59,0.67,0.8,0.53,0.58,1.03,0.77,"",-1,-1.4,10,1.6,-8,-1.1,-28,-3.1,536638,6.1,-154854,-12.7,2290,4.9,66,7.4
"1748",39000,5,"423490",58,0,2017,2,"",68,631,729,882,9354542,1066928,48833,963,"",0.72,0.59,0.67,0.8,0.53,0.58,1.03,0.77,"",-1,-1.4,10,1.6,-8,-1.1,-28,-3.1,536638,6.1,-154854,-12.7,2290,4.9,66,7.4
"1749",39000,5,"4235",56,0,2017,2,"",591,9973,10000,10120,154748757,9809072,334149,1187,"",2.31,2.18,2.17,2.19,2.32,1.38,1.74,1.06,"",12,2.1,-205,-2,-159,-1.6,-17,-0.2,4224996,2.8,277775,2.9,88956,36.3,47,4.1
"1750",39000,5,"42351",57,0,2017,2,"",570,9874,9902,10021,152872380,9692333,330535,1184,"",2.32,2.19,2.18,2.2,2.35,1.37,1.74,1.07,"",11,2,-209,-2.1,-163,-1.6,-22,-0.2,4107289,2.8,219572,2.3,86668,35.5,47,4.1
"1751",39000,5,"423510",58,0,2017,2,"",570,9874,9902,10021,152872380,9692333,330535,1184,"",2.32,2.19,2.18,2.2,2.35,1.37,1.74,1.07,"",11,2,-209,-2.1,-163,-1.6,-22,-0.2,4107289,2.8,219572,2.3,86668,35.5,47,4.1
"1752",39000,5,"42352",57,0,2017,2,"",21,99,98,99,1876377,116739,3614,1463,"",2.09,1.5,1.46,1.48,1.14,1.74,1.29,0.77,"",1,5,4,4.2,4,4.3,5,5.3,117707,6.7,58203,99.4,2288,172.5,29,2
"1753",39000,5,"423520",58,0,2017,2,"",21,99,98,99,1876377,116739,3614,1463,"",2.09,1.5,1.46,1.48,1.14,1.74,1.29,0.77,"",1,5,4,4.2,4,4.3,5,5.3,117707,6.7,58203,99.4,2288,172.5,29,2
"1754",39000,5,"4236",56,0,2017,2,"",1023,11695,11762,11762,197132433,11208669,337406,1292,"",1.18,0.95,0.95,0.95,0.85,0.59,0.72,0.89,"",30,3,77,0.7,66,0.6,6,0.1,4052380,2.1,-1868776,-14.3,26127,8.4,21,1.7
"1755",39000,5,"42361",57,0,2017,2,"",517,6719,6772,6759,109746461,6043259,175832,1251,"",1.23,1.09,1.1,1.09,1.07,0.64,0.79,0.98,"",9,1.8,-88,-1.3,-104,-1.5,-145,-2.1,-4022768,-3.5,-1311367,-17.8,14488,9,-24,-1.9
"1756",39000,5,"423610",58,0,2017,2,"",517,6719,6772,6759,109746461,6043259,175832,1251,"",1.23,1.09,1.1,1.09,1.07,0.64,0.79,0.98,"",9,1.8,-88,-1.3,-104,-1.5,-145,-2.1,-4022768,-3.5,-1311367,-17.8,14488,9,-24,-1.9
"1757",39000,5,"42362",57,0,2017,2,"",110,798,804,813,10135481,1089304,30929,969,"",1.19,0.75,0.75,0.75,0.55,0.61,0.61,0.74,"",4,3.8,-26,-3.2,-9,-1.1,-1,-0.1,-596878,-5.6,-359955,-24.8,-4620,-13,-41,-4.1
"1758",39000,5,"423620",58,0,2017,2,"",110,798,804,813,10135481,1089304,30929,969,"",1.19,0.75,0.75,0.75,0.55,0.61,0.61,0.74,"",4,3.8,-26,-3.2,-9,-1.1,-1,-0.1,-596878,-5.6,-359955,-24.8,-4620,-13,-41,-4.1
"1759",39000,5,"42369",57,0,2017,2,"",396,4178,4186,4190,77250491,4076106,130645,1420,"",1.11,0.82,0.82,0.82,0.69,0.54,0.66,0.84,"",17,4.5,191,4.8,179,4.5,152,3.8,8672026,12.6,-197454,-4.6,16259,14.2,105,8
"1760",39000,5,"423690",58,0,2017,2,"",396,4178,4186,4190,77250491,4076106,130645,1420,"",1.11,0.82,0.82,0.82,0.69,0.54,0.66,0.84,"",17,4.5,191,4.8,179,4.5,152,3.8,8672026,12.6,-197454,-4.6,16259,14.2,105,8
"1761",39000,5,"4237",56,0,2017,2,"",838,11297,11301,11470,164195281,12805111,353317,1112,"",1.27,1.18,1.17,1.18,1.22,0.8,0.97,1.03,"",17,2.1,416,3.8,388,3.6,491,4.5,12252377,8.1,-500746,-3.8,53092,17.7,42,3.9
"1762",39000,5,"42371",57,0,2017,2,"",260,4098,4113,4218,53668502,5939570,163111,996,"",1.3,1.35,1.35,1.37,1.34,1.07,1.24,0.99,"",8,3.2,57,1.4,67,1.7,121,3,2959917,5.8,41611,0.7,22485,16,36,3.8
"1763",39000,5,"423710",58,0,2017,2,"",260,4098,4113,4218,53668502,5939570,163111,996,"",1.3,1.35,1.35,1.37,1.34,1.07,1.24,0.99,"",8,3.2,57,1.4,67,1.7,121,3,2959917,5.8,41611,0.7,22485,16,36,3.8
"1764",39000,5,"42372",57,0,2017,2,"",357,4866,4849,4878,72821529,4617556,134030,1152,"",1.37,1.31,1.3,1.3,1.44,0.75,0.96,1.11,"",5,1.4,408,9.2,400,9,421,9.4,6887320,10.4,-471021,-9.3,22835,20.5,13,1.1
"1765",39000,5,"423720",58,0,2017,2,"",357,4866,4849,4878,72821529,4617556,134030,1152,"",1.37,1.31,1.3,1.3,1.44,0.75,0.96,1.11,"",5,1.4,408,9.2,400,9,421,9.4,6887320,10.4,-471021,-9.3,22835,20.5,13,1.1
"1766",39000,5,"42373",57,0,2017,2,"",181,2017,2014,2051,31330966,1920651,46054,1189,"",1.15,0.86,0.85,0.85,0.82,0.55,0.6,0.97,"",-1,-0.5,-82,-3.9,-122,-5.7,-92,-4.3,856672,2.8,-130673,-6.4,3651,8.6,86,7.8
"1767",39000,5,"423730",58,0,2017,2,"",181,2017,2014,2051,31330966,1920651,46054,1189,"",1.15,0.86,0.85,0.85,0.82,0.55,0.6,0.97,"",-1,-0.5,-82,-3.9,-122,-5.7,-92,-4.3,856672,2.8,-130673,-6.4,3651,8.6,86,7.8
"1768",39000,5,"42374",57,0,2017,2,"",40,316,325,323,6374284,327334,10122,1526,"",1,0.66,0.68,0.67,0.96,0.44,0.64,1.43,"",5,14.3,33,11.7,43,15.2,41,14.5,1548468,32.1,59337,22.1,4121,68.7,211,16
"1769",39000,5,"423740",58,0,2017,2,"",40,316,325,323,6374284,327334,10122,1526,"",1,0.66,0.68,0.67,0.96,0.44,0.64,1.43,"",5,14.3,33,11.7,43,15.2,41,14.5,1548468,32.1,59337,22.1,4121,68.7,211,16
"1770",39000,5,"4238",56,0,2017,2,"",2911,32131,32333,32588,509789826,33862588,932006,1212,"",1.59,1.31,1.31,1.31,1.37,0.76,0.91,1.05,"",5,0.2,-192,-0.6,-38,-0.1,123,0.4,15076465,3,-1881153,-5.3,161331,20.9,37,3.1
"1771",39000,5,"42381",57,0,2017,2,"",186,2751,2824,2835,43230046,3056354,93309,1186,"",1.27,0.86,0.88,0.87,0.83,0.49,0.65,0.96,"",-4,-2.1,-2,-0.1,55,2,43,1.5,3094130,7.7,-74557,-2.4,-1303,-1.4,72,6.5
"1772",39000,5,"423810",58,0,2017,2,"",186,2751,2824,2835,43230046,3056354,93309,1186,"",1.27,0.86,0.88,0.87,0.83,0.49,0.65,0.96,"",-4,-2.1,-2,-0.1,55,2,43,1.5,3094130,7.7,-74557,-2.4,-1303,-1.4,72,6.5
"1773",39000,5,"42382",57,0,2017,2,"",259,3499,3511,3535,42812571,4396589,87618,937,"",1.06,0.95,0.94,0.94,0.95,0.49,0.58,1.01,"",6,2.4,217,6.6,187,5.6,184,5.5,5357313,14.3,52483,1.2,24508,38.8,69,7.9
"1774",39000,5,"423820",58,0,2017,2,"",259,3499,3511,3535,42812571,4396589,87618,937,"",1.06,0.95,0.94,0.94,0.95,0.49,0.58,1.01,"",6,2.4,217,6.6,187,5.6,184,5.5,5357313,14.3,52483,1.2,24508,38.8,69,7.9
"1775",39000,5,"42383",57,0,2017,2,"",1640,17207,17286,17371,297833244,16091240,477181,1325,"",1.91,1.55,1.54,1.54,1.65,0.9,1.04,1.07,"",6,0.4,-265,-1.5,-175,-1,-148,-0.8,7203441,2.5,-993072,-5.8,100442,26.7,46,3.6
"1776",39000,5,"423830",58,0,2017,2,"",1640,17207,17286,17371,297833244,16091240,477181,1325,"",1.91,1.55,1.54,1.54,1.65,0.9,1.04,1.07,"",6,0.4,-265,-1.5,-175,-1,-148,-0.8,7203441,2.5,-993072,-5.8,100442,26.7,46,3.6
"1777",39000,5,"42384",57,0,2017,2,"",495,5502,5523,5591,85308358,5796890,168579,1185,"",1.64,1.68,1.68,1.69,1.74,0.98,1.18,1.03,"",-6,-1.2,-189,-3.3,-166,-2.9,-104,-1.8,-1496358,-1.7,-870031,-13,6203,3.8,12,1
"1778",39000,5,"423840",58,0,2017,2,"",495,5502,5523,5591,85308358,5796890,168579,1185,"",1.64,1.68,1.68,1.69,1.74,0.98,1.18,1.03,"",-6,-1.2,-189,-3.3,-166,-2.9,-104,-1.8,-1496358,-1.7,-870031,-13,6203,3.8,12,1
"1779",39000,5,"42385",57,0,2017,2,"",254,2610,2622,2685,29437576,4039111,92109,858,"",1.43,1.26,1.26,1.29,1.21,1.05,1.07,0.95,"",4,1.6,128,5.2,137,5.5,212,8.6,1912455,6.9,-17619,-0.4,27753,43.1,4,0.5
"1780",39000,5,"423850",58,0,2017,2,"",254,2610,2622,2685,29437576,4039111,92109,858,"",1.43,1.26,1.26,1.29,1.21,1.05,1.07,0.95,"",4,1.6,128,5.2,137,5.5,212,8.6,1912455,6.9,-17619,-0.4,27753,43.1,4,0.5
"1781",39000,5,"42386",57,0,2017,2,"",77,562,567,571,11168031,482404,13210,1516,"",0.79,0.48,0.48,0.48,0.54,0.3,0.33,1.13,"",-1,-1.3,-81,-12.6,-76,-11.8,-64,-10.1,-994516,-8.2,21643,4.7,3728,39.3,55,3.8
"1782",39000,5,"423860",58,0,2017,2,"",77,562,567,571,11168031,482404,13210,1516,"",0.79,0.48,0.48,0.48,0.54,0.3,0.33,1.13,"",-1,-1.3,-81,-12.6,-76,-11.8,-64,-10.1,-994516,-8.2,21643,4.7,3728,39.3,55,3.8
"1783",39000,5,"4239",56,0,2017,2,"",1104,12470,12582,12696,141485151,21569680,693944,865,"",1.05,1.14,1.14,1.14,1.07,1.02,1.1,0.93,"",-15,-1.3,-72,-0.6,8,0.1,-34,-0.3,3341490,2.4,-2000791,-8.5,70003,11.2,23,2.7
"1784",39000,5,"42391",57,0,2017,2,"",182,2090,2121,2075,21843724,3965062,126886,802,"",1.02,1.04,1.04,1.01,0.88,0.97,1.18,0.86,"",9,5.2,101,5.1,100,4.9,7,0.3,521177,2.4,-212281,-5.1,7088,5.9,-8,-1
"1785",39000,5,"423910",58,0,2017,2,"",182,2090,2121,2075,21843724,3965062,126886,802,"",1.02,1.04,1.04,1.01,0.88,0.97,1.18,0.86,"",9,5.2,101,5.1,100,4.9,7,0.3,521177,2.4,-212281,-5.1,7088,5.9,-8,-1
"1786",39000,5,"42392",57,0,2017,2,"",63,810,833,899,8361624,1566929,41040,759,"",1.04,1.06,1.07,1.1,0.79,1.12,1.01,0.73,"",-9,-12.5,-35,-4.1,-34,-3.9,-24,-2.6,-929802,-10,-186390,-10.6,-3294,-7.4,-55,-6.8
"1787",39000,5,"423920",58,0,2017,2,"",63,810,833,899,8361624,1566929,41040,759,"",1.04,1.06,1.07,1.1,0.79,1.12,1.01,0.73,"",-9,-12.5,-35,-4.1,-34,-3.9,-24,-2.6,-929802,-10,-186390,-10.6,-3294,-7.4,-55,-6.8
"1788",39000,5,"42393",57,0,2017,2,"",515,6562,6581,6640,78090031,10777485,387879,911,"",2.08,1.78,1.77,1.77,1.93,1.5,1.73,1.09,"",-19,-3.6,-54,-0.8,11,0.2,-16,-0.2,3318219,4.4,-1111840,-9.4,48277,14.2,41,4.7
"1789",39000,5,"423930",58,0,2017,2,"",515,6562,6581,6640,78090031,10777485,387879,911,"",2.08,1.78,1.77,1.77,1.93,1.5,1.73,1.09,"",-19,-3.6,-54,-0.8,11,0.2,-16,-0.2,3318219,4.4,-1111840,-9.4,48277,14.2,41,4.7
"1790",39000,5,"42394",57,0,2017,2,"",124,1144,1167,1175,10277268,2547325,63211,680,"",0.56,0.75,0.77,0.78,0.55,0.97,0.75,0.72,"",1,0.8,-50,-4.2,-39,-3.2,7,0.6,128960,1.3,-224260,-8.1,10690,20.4,24,3.7
"1791",39000,5,"423940",58,0,2017,2,"",124,1144,1167,1175,10277268,2547325,63211,680,"",0.56,0.75,0.77,0.78,0.55,0.97,0.75,0.72,"",1,0.8,-50,-4.2,-39,-3.2,7,0.6,128960,1.3,-224260,-8.1,10690,20.4,24,3.7
"1792",39000,5,"42399",57,0,2017,2,"",220,1864,1880,1907,22912504,2712879,74928,936,"",0.64,0.64,0.63,0.64,0.6,0.47,0.43,0.95,"",3,1.4,-34,-1.8,-30,-1.6,-8,-0.4,302936,1.3,-266020,-8.9,7242,10.7,24,2.6
"1793",39000,5,"423990",58,0,2017,2,"",220,1864,1880,1907,22912504,2712879,74928,936,"",0.64,0.64,0.63,0.64,0.6,0.47,0.43,0.95,"",3,1.4,-34,-1.8,-30,-1.6,-8,-0.4,302936,1.3,-266020,-8.9,7242,10.7,24,2.6
"1794",39000,5,"424",55,0,2017,2,"",4374,68311,68730,69230,1049204396,92571773,2326402,1174,"",1.03,0.9,0.89,0.9,0.96,0.65,0.66,1.07,"",190,4.5,976,1.4,895,1.3,1014,1.5,86178768,8.9,-3517167,-3.7,245563,11.8,81,7.4
"1795",39000,5,"4241",56,0,2017,2,"",365,5235,5242,5287,82833037,5823840,151483,1213,"",1.4,1.16,1.15,1.16,1.34,0.78,0.79,1.16,"",-1,-0.3,176,3.5,180,3.6,215,4.2,3107451,3.9,113469,2,40754,36.8,2,0.2
"1796",39000,5,"42411",57,0,2017,2,"",40,678,678,676,13185053,381881,8777,1497,"",1.46,1.6,1.6,1.61,1.83,0.57,0.57,1.14,"",0,0,4,0.6,-1,-0.1,-11,-1.6,491245,3.9,-70951,-15.7,1150,15.1,61,4.2
"1797",39000,5,"424110",58,0,2017,2,"",40,678,678,676,13185053,381881,8777,1497,"",1.46,1.6,1.6,1.61,1.83,0.57,0.57,1.14,"",0,0,4,0.6,-1,-0.1,-11,-1.6,491245,3.9,-70951,-15.7,1150,15.1,61,4.2
"1798",39000,5,"42412",57,0,2017,2,"",160,1700,1695,1716,25330630,2380874,66757,1144,"",1.43,0.88,0.88,0.88,1.2,0.74,0.76,1.36,"",-11,-6.4,-22,-1.3,-35,-2,-11,-0.6,-39359,-0.2,64771,2.8,14852,28.6,14,1.2
"1799",39000,5,"424120",58,0,2017,2,"",160,1700,1695,1716,25330630,2380874,66757,1144,"",1.43,0.88,0.88,0.88,1.2,0.74,0.76,1.36,"",-11,-6.4,-22,-1.3,-35,-2,-11,-0.6,-39359,-0.2,64771,2.8,14852,28.6,14,1.2
"1800",39000,5,"42413",57,0,2017,2,"",165,2857,2869,2895,44317354,3061085,75949,1186,"",1.37,1.32,1.31,1.32,1.32,0.85,0.86,1,"",10,6.5,194,7.3,216,8.1,237,8.9,2655565,6.4,119649,4.1,24752,48.3,-20,-1.7
"1801",39000,5,"424130",58,0,2017,2,"",165,2857,2869,2895,44317354,3061085,75949,1186,"",1.37,1.32,1.31,1.32,1.32,0.85,0.86,1,"",10,6.5,194,7.3,216,8.1,237,8.9,2655565,6.4,119649,4.1,24752,48.3,-20,-1.7
"1802",39000,5,"4242",56,0,2017,2,"",437,7032,7035,7071,139218848,8790117,213091,1520,"",1.07,0.95,0.94,0.94,0.75,0.88,0.76,0.8,"",37,9.2,-10,-0.1,23,0.3,-66,-0.9,9932726,7.7,-1477902,-14.4,-52495,-19.8,112,8
"1803",39000,5,"42421",57,0,2017,2,"",437,7032,7035,7071,139218848,8790117,213091,1520,"",1.07,0.95,0.94,0.94,0.75,0.88,0.76,0.8,"",37,9.2,-10,-0.1,23,0.3,-66,-0.9,9932726,7.7,-1477902,-14.4,-52495,-19.8,112,8
"1804",39000,5,"424210",58,0,2017,2,"",437,7032,7035,7071,139218848,8790117,213091,1520,"",1.07,0.95,0.94,0.94,0.75,0.88,0.76,0.8,"",37,9.2,-10,-0.1,23,0.3,-66,-0.9,9932726,7.7,-1477902,-14.4,-52495,-19.8,112,8
"1805",39000,5,"4243",56,0,2017,2,"",198,1858,1893,1884,25076703,3436725,78747,1027,"",0.46,0.33,0.34,0.33,0.31,0.37,0.26,0.94,"",25,14.5,120,6.9,150,8.6,123,7,1605886,6.8,-19788,-0.6,3371,4.5,-6,-0.6
"1806",39000,5,"42431",57,0,2017,2,"",56,343,331,333,3524757,704756,16942,808,"",0.55,0.37,0.35,0.35,0.32,0.42,0.37,0.89,"",6,12,17,5.2,0,0,8,2.5,-163882,-4.4,-47973,-6.4,5238,44.8,-59,-6.8
"1807",39000,5,"424310",58,0,2017,2,"",56,343,331,333,3524757,704756,16942,808,"",0.55,0.37,0.35,0.35,0.32,0.42,0.37,0.89,"",6,12,17,5.2,0,0,8,2.5,-163882,-4.4,-47973,-6.4,5238,44.8,-59,-6.8
"1808",39000,5,"42432",57,0,2017,2,"",33,560,579,596,6809760,1276788,23792,906,"",0.46,0.54,0.55,0.56,0.51,0.65,0.38,0.92,"",1,3.1,51,10,81,16.3,79,15.3,416349,6.5,-54257,-4.1,-6566,-21.6,-62,-6.4
"1809",39000,5,"424320",58,0,2017,2,"",33,560,579,596,6809760,1276788,23792,906,"",0.46,0.54,0.55,0.56,0.51,0.65,0.38,0.92,"",1,3.1,51,10,81,16.3,79,15.3,416349,6.5,-54257,-4.1,-6566,-21.6,-62,-6.4
"1810",39000,5,"42433",57,0,2017,2,"",77,711,734,712,11009487,1032052,26746,1178,"",0.38,0.26,0.27,0.26,0.27,0.24,0.17,1.01,"",13,20.3,64,9.9,82,12.6,57,8.7,1249395,12.8,78470,8.2,5779,27.6,25,2.2
"1811",39000,5,"424330",58,0,2017,2,"",77,711,734,712,11009487,1032052,26746,1178,"",0.38,0.26,0.27,0.26,0.27,0.24,0.17,1.01,"",13,20.3,64,9.9,82,12.6,57,8.7,1249395,12.8,78470,8.2,5779,27.6,25,2.2
"1812",39000,5,"42434",57,0,2017,2,"",32,244,249,243,3732699,423129,11267,1170,"",0.63,0.28,0.29,0.28,0.27,0.31,0.28,0.94,"",5,18.5,-12,-4.7,-13,-5,-21,-8,104024,2.9,3972,0.9,-1080,-8.7,99,9.2
"1813",39000,5,"424340",58,0,2017,2,"",32,244,249,243,3732699,423129,11267,1170,"",0.63,0.28,0.29,0.28,0.27,0.31,0.28,0.94,"",5,18.5,-12,-4.7,-13,-5,-21,-8,104024,2.9,3972,0.9,-1080,-8.7,99,9.2
"1814",39000,5,"4244",56,0,2017,2,"",1079,24887,24935,25144,365081858,37407729,944313,1124,"",0.94,0.88,0.88,0.88,1.05,0.67,0.71,1.19,"",66,6.5,738,3.1,564,2.3,607,2.5,50069723,15.9,-860985,-2.2,139910,17.4,129,13
"1815",39000,5,"42441",57,0,2017,2,"",200,7481,7542,7602,112755525,11278537,301168,1150,"",1.07,0.86,0.85,0.86,1,0.64,0.77,1.17,"",-1,-0.5,345,4.8,368,5.1,368,5.1,8303292,7.9,277773,2.5,44055,17.1,31,2.8
"1816",39000,5,"424410",58,0,2017,2,"",200,7481,7542,7602,112755525,11278537,301168,1150,"",1.07,0.86,0.85,0.86,1,0.64,0.77,1.17,"",-1,-0.5,345,4.8,368,5.1,368,5.1,8303292,7.9,277773,2.5,44055,17.1,31,2.8
"1817",39000,5,"42442",57,0,2017,2,"",44,1852,1835,1818,65583417,2151734,52471,2749,"",0.77,1.65,1.62,1.6,4.17,1.07,1.08,2.56,"",9,25.7,143,8.4,120,7,103,6,40186819,158.2,-228965,-9.6,4865,10.2,1609,141.1
"1818",39000,5,"424420",58,0,2017,2,"",44,1852,1835,1818,65583417,2151734,52471,2749,"",0.77,1.65,1.62,1.6,4.17,1.07,1.08,2.56,"",9,25.7,143,8.4,120,7,103,6,40186819,158.2,-228965,-9.6,4865,10.2,1609,141.1
"1819",39000,5,"42443",57,0,2017,2,"",68,2210,2210,2215,28582466,2476201,74402,994,"",0.96,1.47,1.45,1.44,1.62,0.83,0.95,1.11,"",5,7.9,-122,-5.2,-137,-5.8,-140,-5.9,-674212,-2.3,-1560077,-38.7,-14173,-16,34,3.5
"1820",39000,5,"424430",58,0,2017,2,"",68,2210,2210,2215,28582466,2476201,74402,994,"",0.96,1.47,1.45,1.44,1.62,0.83,0.95,1.11,"",5,7.9,-122,-5.2,-137,-5.8,-140,-5.9,-674212,-2.3,-1560077,-38.7,-14173,-16,34,3.5
"1821",39000,5,"42444",57,0,2017,2,"",23,298,297,290,2843767,502381,7178,742,"",1.41,0.78,0.77,0.75,0.66,0.65,0.46,0.86,"",2,9.5,-27,-8.3,-30,-9.2,-49,-14.5,167909,6.3,-82981,-14.2,3040,73.5,119,19.1
"1822",39000,5,"424440",58,0,2017,2,"",23,298,297,290,2843767,502381,7178,742,"",1.41,0.78,0.77,0.75,0.66,0.65,0.46,0.86,"",2,9.5,-27,-8.3,-30,-9.2,-49,-14.5,167909,6.3,-82981,-14.2,3040,73.5,119,19.1
"1823",39000,5,"42445",57,0,2017,2,"",126,1972,1995,2027,24349468,2395684,63166,937,"",1.24,0.97,0.97,0.98,0.93,0.67,0.86,0.96,"",4,3.3,6,0.3,-5,-0.2,27,1.4,346822,1.4,-82065,-3.3,9760,18.3,9,1
"1824",39000,5,"424450",58,0,2017,2,"",126,1972,1995,2027,24349468,2395684,63166,937,"",1.24,0.97,0.97,0.98,0.93,0.67,0.86,0.96,"",4,3.3,6,0.3,-5,-0.2,27,1.4,346822,1.4,-82065,-3.3,9760,18.3,9,1
"1825",39000,5,"42446",57,0,2017,2,"",16,220,227,231,2059122,508678,17569,701,"",0.21,0.22,0.22,0.22,0.19,0.23,0.31,0.84,"",2,14.3,57,35,53,30.5,57,32.8,545487,36,86009,20.3,3853,28.1,17,2.5
"1826",39000,5,"424460",58,0,2017,2,"",16,220,227,231,2059122,508678,17569,701,"",0.21,0.22,0.22,0.22,0.19,0.23,0.31,0.84,"",2,14.3,57,35,53,30.5,57,32.8,545487,36,86009,20.3,3853,28.1,17,2.5
"1827",39000,5,"42447",57,0,2017,2,"",72,1652,1688,1672,18652719,2997582,87593,859,"",0.95,1.02,1.03,1.02,0.95,1,1.22,0.93,"",7,10.8,200,13.8,200,13.4,160,10.6,2641279,16.5,69591,2.4,20760,31.1,29,3.5
"1828",39000,5,"424470",58,0,2017,2,"",72,1652,1688,1672,18652719,2997582,87593,859,"",0.95,1.02,1.03,1.02,0.95,1,1.22,0.93,"",7,10.8,200,13.8,200,13.4,160,10.6,2641279,16.5,69591,2.4,20760,31.1,29,3.5
"1829",39000,5,"42448",57,0,2017,2,"",95,2034,2008,2107,21483160,4420254,103547,806,"",0.68,0.55,0.54,0.56,0.52,0.61,0.52,0.95,"",4,4.4,167,8.9,102,5.4,161,8.3,2973442,16.1,504168,12.9,24238,30.6,59,7.9
"1830",39000,5,"424480",58,0,2017,2,"",95,2034,2008,2107,21483160,4420254,103547,806,"",0.68,0.55,0.54,0.56,0.52,0.61,0.52,0.95,"",4,4.4,167,8.9,102,5.4,161,8.3,2973442,16.1,504168,12.9,24238,30.6,59,7.9
"1831",39000,5,"42449",57,0,2017,2,"",435,7168,7133,7182,88772214,10676678,237219,954,"",1.03,0.89,0.88,0.88,0.89,0.64,0.6,1.01,"",34,8.5,-31,-0.4,-107,-1.5,-80,-1.1,-4421115,-4.7,155562,1.5,43512,22.5,-37,-3.7
"1832",39000,5,"424490",58,0,2017,2,"",435,7168,7133,7182,88772214,10676678,237219,954,"",1.03,0.89,0.88,0.88,0.89,0.64,0.6,1.01,"",34,8.5,-31,-0.4,-107,-1.5,-80,-1.1,-4421115,-4.7,155562,1.5,43512,22.5,-37,-3.7
"1833",39000,5,"4245",56,0,2017,2,"",233,2491,2527,2527,25839503,3110218,58020,790,"",1.25,0.94,0.94,0.93,0.86,0.43,0.5,0.92,"",2,0.9,-75,-2.9,-121,-4.6,-196,-7.2,-317632,-1.2,-251495,-7.5,12885,28.5,29,3.8
"1834",39000,5,"42451",57,0,2017,2,"",177,1899,1927,1942,22328484,2333829,46852,893,"",1.48,1.1,1.1,1.09,0.97,0.41,0.5,0.89,"",0,0,-96,-4.8,-92,-4.6,-112,-5.5,-444523,-2,-202214,-8,11411,32.2,27,3.1
"1835",39000,5,"424510",58,0,2017,2,"",177,1899,1927,1942,22328484,2333829,46852,893,"",1.48,1.1,1.1,1.09,0.97,0.41,0.5,0.89,"",0,0,-96,-4.8,-92,-4.6,-112,-5.5,-444523,-2,-202214,-8,11411,32.2,27,3.1
"1836",39000,5,"42452",57,0,2017,2,"",32,382,387,371,1649114,600456,7526,334,"",0.83,0.58,0.59,0.57,0.52,0.58,0.71,0.9,"",2,6.7,18,4.9,-41,-9.6,-86,-18.8,170999,11.6,24873,4.3,2943,64.2,61,22.3
"1837",39000,5,"424520",58,0,2017,2,"",32,382,387,371,1649114,600456,7526,334,"",0.83,0.58,0.59,0.57,0.52,0.58,0.71,0.9,"",2,6.7,18,4.9,-41,-9.6,-86,-18.8,170999,11.6,24873,4.3,2943,64.2,61,22.3
"1838",39000,5,"42459",57,0,2017,2,"",24,210,213,214,1861905,175933,3642,675,"",0.83,0.75,0.75,0.75,0.49,0.34,0.28,0.66,"",0,0,3,1.4,12,6,2,0.9,-44108,-2.3,-74154,-29.7,-1469,-28.7,-34,-4.8
"1839",39000,5,"424590",58,0,2017,2,"",24,210,213,214,1861905,175933,3642,675,"",0.83,0.75,0.75,0.75,0.49,0.34,0.28,0.66,"",0,0,3,1.4,12,6,2,0.9,-44108,-2.3,-74154,-29.7,-1469,-28.7,-34,-4.8
"1840",39000,5,"4246",56,0,2017,2,"",700,8329,8376,8561,167477464,7808324,185123,1530,"",1.76,1.73,1.72,1.75,1.96,1.11,1.02,1.13,"",-2,-0.3,24,0.3,22,0.3,145,1.7,12741274,8.2,-31028,-0.4,27976,17.8,106,7.4
"1841",39000,5,"42461",57,0,2017,2,"",164,1318,1312,1325,22123599,1494520,36116,1291,"",2.15,1.62,1.59,1.6,1.64,1.14,0.97,1.02,"",-2,-1.2,11,0.8,10,0.8,37,2.9,322178,1.5,-176588,-10.6,3196,9.7,0,0
"1842",39000,5,"424610",58,0,2017,2,"",164,1318,1312,1325,22123599,1494520,36116,1291,"",2.15,1.62,1.59,1.6,1.64,1.14,0.97,1.02,"",-2,-1.2,11,0.8,10,0.8,37,2.9,322178,1.5,-176588,-10.6,3196,9.7,0,0
"1843",39000,5,"42469",57,0,2017,2,"",536,7011,7064,7236,145353865,6313804,149007,1574,"",1.67,1.75,1.75,1.78,2.02,1.1,1.04,1.15,"",0,0,13,0.2,12,0.2,108,1.5,12419096,9.3,145560,2.4,24780,19.9,125,8.6
"1844",39000,5,"424690",58,0,2017,2,"",536,7011,7064,7236,145353865,6313804,149007,1574,"",1.67,1.75,1.75,1.78,2.02,1.1,1.04,1.15,"",0,0,13,0.2,12,0.2,108,1.5,12419096,9.3,145560,2.4,24780,19.9,125,8.6
"1845",39000,5,"4247",56,0,2017,2,"",273,2888,2869,2881,44200192,3444787,83516,1181,"",1.19,0.82,0.8,0.8,0.79,0.51,0.53,0.97,"",9,3.4,-21,-0.7,-53,-1.8,-46,-1.6,4440833,11.2,-40917,-1.2,16809,25.2,133,12.7
"1846",39000,5,"42471",57,0,2017,2,"",95,795,784,783,14484316,706721,16246,1415,"",1.17,0.66,0.64,0.64,0.75,0.28,0.31,1.15,"",2,2.2,-75,-8.6,-69,-8.1,-71,-8.3,1853598,14.7,-183388,-20.6,264,1.7,284,25.1
"1847",39000,5,"424710",58,0,2017,2,"",95,795,784,783,14484316,706721,16246,1415,"",1.17,0.66,0.64,0.64,0.75,0.28,0.31,1.15,"",2,2.2,-75,-8.6,-69,-8.1,-71,-8.3,1853598,14.7,-183388,-20.6,264,1.7,284,25.1
"1848",39000,5,"42472",57,0,2017,2,"",178,2093,2085,2098,29715876,2738066,67270,1093,"",1.2,0.9,0.89,0.89,0.81,0.65,0.64,0.91,"",7,4.1,54,2.6,16,0.8,25,1.2,2587235,9.5,142471,5.5,16545,32.6,80,7.9
"1849",39000,5,"424720",58,0,2017,2,"",178,2093,2085,2098,29715876,2738066,67270,1093,"",1.2,0.9,0.89,0.89,0.81,0.65,0.64,0.91,"",7,4.1,54,2.6,16,0.8,25,1.2,2587235,9.5,142471,5.5,16545,32.6,80,7.9
"1850",39000,5,"4248",56,0,2017,2,"",188,5896,5932,6023,78325378,6225466,114676,1013,"",0.98,0.81,0.81,0.81,0.73,0.48,0.46,0.9,"",9,5,15,0.3,-13,-0.2,40,0.7,3833663,5.1,-473576,-7.1,20118,21.3,48,5
"1851",39000,5,"42481",57,0,2017,2,"",89,4484,4531,4630,59324000,4793300,88115,1003,"",1.22,1.09,1.09,1.09,1.15,0.58,0.61,1.06,"",6,7.2,32,0.7,25,0.6,76,1.7,3189724,5.7,-191612,-3.8,15155,20.8,44,4.6
"1852",39000,5,"424810",58,0,2017,2,"",89,4484,4531,4630,59324000,4793300,88115,1003,"",1.22,1.09,1.09,1.09,1.15,0.58,0.61,1.06,"",6,7.2,32,0.7,25,0.6,76,1.7,3189724,5.7,-191612,-3.8,15155,20.8,44,4.6
"1853",39000,5,"42482",57,0,2017,2,"",99,1412,1401,1393,19001378,1432166,26561,1043,"",0.83,0.45,0.45,0.44,0.34,0.3,0.26,0.76,"",3,3.1,-17,-1.2,-38,-2.6,-36,-2.5,643939,3.5,-281964,-16.4,4963,23,57,5.8
"1854",39000,5,"424820",58,0,2017,2,"",99,1412,1401,1393,19001378,1432166,26561,1043,"",0.83,0.45,0.45,0.44,0.34,0.3,0.26,0.76,"",3,3.1,-17,-1.2,-38,-2.6,-36,-2.5,643939,3.5,-281964,-16.4,4963,23,57,5.8
"1855",39000,5,"4249",56,0,2017,2,"",901,9695,9921,9852,121151413,16524567,497433,949,"",0.91,0.8,0.8,0.8,0.84,0.65,0.7,1.05,"",45,5.3,9,0.1,143,1.5,192,2,764844,0.6,-474945,-2.8,36235,7.9,-5,-0.5
"1856",39000,5,"42491",57,0,2017,2,"",388,3764,3925,3915,48257779,6882767,209548,960,"",1.13,0.84,0.86,0.86,0.87,0.61,0.71,1.02,"",25,6.9,168,4.7,215,5.8,196,5.3,2703801,5.9,399946,6.2,18609,9.7,6,0.6
"1857",39000,5,"424910",58,0,2017,2,"",388,3764,3925,3915,48257779,6882767,209548,960,"",1.13,0.84,0.86,0.86,0.87,0.61,0.71,1.02,"",25,6.9,168,4.7,215,5.8,196,5.3,2703801,5.9,399946,6.2,18609,9.7,6,0.6
"1858",39000,5,"42492",57,0,2017,2,"",78,1094,1113,1054,12760039,1652440,61645,903,"",1.32,0.8,0.81,0.78,0.98,0.64,0.76,1.23,"",0,0,-159,-12.7,-139,-11.1,-94,-8.2,-1958632,-13.3,-216227,-11.6,-3260,-5,-27,-2.9
"1859",39000,5,"424920",58,0,2017,2,"",78,1094,1113,1054,12760039,1652440,61645,903,"",1.32,0.8,0.81,0.78,0.98,0.64,0.76,1.23,"",0,0,-159,-12.7,-139,-11.1,-94,-8.2,-1958632,-13.3,-216227,-11.6,-3260,-5,-27,-2.9
"1860",39000,5,"42493",57,0,2017,2,"",73,844,896,854,6556161,2032448,80986,583,"",0.73,0.48,0.49,0.5,0.45,0.57,0.67,0.93,"",1,1.4,35,4.3,72,8.7,47,5.8,74347,1.1,-24519,-1.2,7313,9.9,-30,-4.9
"1861",39000,5,"424930",58,0,2017,2,"",73,844,896,854,6556161,2032448,80986,583,"",0.73,0.48,0.49,0.5,0.45,0.57,0.67,0.93,"",1,1.4,35,4.3,72,8.7,47,5.8,74347,1.1,-24519,-1.2,7313,9.9,-30,-4.9
"1862",39000,5,"42494",57,0,2017,2,"",56,1394,1387,1406,15151670,2319873,47725,835,"",1.22,1.63,1.61,1.62,1.57,1.44,1.32,0.97,"",2,3.7,-37,-2.6,-54,-3.7,-79,-5.3,-279725,-1.8,-426582,-15.5,12787,36.6,18,2.2
"1863",39000,5,"424940",58,0,2017,2,"",56,1394,1387,1406,15151670,2319873,47725,835,"",1.22,1.63,1.61,1.62,1.57,1.44,1.32,0.97,"",2,3.7,-37,-2.6,-54,-3.7,-79,-5.3,-279725,-1.8,-426582,-15.5,12787,36.6,18,2.2
"1864",39000,5,"42495",57,0,2017,2,"",100,1126,1125,1128,20972985,1022429,21018,1432,"",1.5,1.48,1.46,1.46,1.25,0.83,0.75,0.85,"",-5,-4.8,-19,-1.7,-20,-1.7,-23,-2,718739,3.5,-152896,-13,2711,14.8,74,5.4
"1865",39000,5,"424950",58,0,2017,2,"",100,1126,1125,1128,20972985,1022429,21018,1432,"",1.5,1.48,1.46,1.46,1.25,0.83,0.75,0.85,"",-5,-4.8,-19,-1.7,-20,-1.7,-23,-2,718739,3.5,-152896,-13,2711,14.8,74,5.4
"1866",39000,5,"42499",57,0,2017,2,"",206,1473,1475,1495,17452779,2614610,76511,906,"",0.55,0.5,0.49,0.49,0.5,0.51,0.5,1.01,"",22,12,21,1.4,69,4.9,145,10.7,-493686,-2.8,-54667,-2,-1925,-2.5,-78,-7.9
"1867",39000,5,"424990",58,0,2017,2,"",206,1473,1475,1495,17452779,2614610,76511,906,"",0.55,0.5,0.49,0.49,0.5,0.51,0.5,1.01,"",22,12,21,1.4,69,4.9,145,10.7,-493686,-2.8,-54667,-2,-1925,-2.5,-78,-7.9
"1868",39000,5,"425",55,0,2017,2,"",9588,38921,39329,39323,837148619,49091640,1449990,1643,"",1.47,1.18,1.18,1.18,1.19,0.96,1.03,1.01,"",92,1,-173,-0.4,-434,-1.1,-224,-0.6,3802000,0.5,-4171189,-7.8,-113519,-7.3,19,1.2
"1869",39000,5,"4251",56,0,2017,2,"",9588,38921,39329,39323,837148619,49091640,1449990,1643,"",1.47,1.18,1.18,1.18,1.19,0.96,1.03,1.01,"",92,1,-173,-0.4,-434,-1.1,-224,-0.6,3802000,0.5,-4171189,-7.8,-113519,-7.3,19,1.2
"1870",39000,5,"42511",57,0,2017,2,"",129,1935,1955,1985,44817203,1963509,80246,1760,"",1.16,1.61,1.62,1.64,2.07,1.16,1.76,1.28,"",4,3.2,-334,-14.7,-296,-13.1,-262,-11.7,-10309704,-18.7,-137687,-6.6,16417,25.7,-120,-6.4
"1871",39000,5,"425110",58,0,2017,2,"",129,1935,1955,1985,44817203,1963509,80246,1760,"",1.16,1.61,1.62,1.64,2.07,1.16,1.76,1.28,"",4,3.2,-334,-14.7,-296,-13.1,-262,-11.7,-10309704,-18.7,-137687,-6.6,16417,25.7,-120,-6.4
"1872",39000,5,"42512",57,0,2017,2,"",9459,36986,37374,37338,792331416,47128131,1369744,1637,"",1.48,1.16,1.16,1.16,1.16,0.95,1,1,"",88,0.9,161,0.4,-138,-0.4,38,0.1,14111704,1.8,-4033502,-7.9,-129936,-8.7,28,1.7
"1873",39000,5,"425120",58,0,2017,2,"",9459,36986,37374,37338,792331416,47128131,1369744,1637,"",1.48,1.16,1.16,1.16,1.16,0.95,1,1,"",88,0.9,161,0.4,-138,-0.4,38,0.1,14111704,1.8,-4033502,-7.9,-129936,-8.7,28,1.7
"1874",39000,5,"44-45",54,0,2017,2,"",35524,570482,574757,575447,3951375700,1209325929,23127059,530,"",1.13,0.98,0.98,0.97,0.97,1.16,1.04,1,"",-74,-0.2,1505,0.3,465,0.1,1292,0.2,104952521,2.7,-43169115,-3.4,5880067,34.1,13,2.5
"1875",39000,5,"441",55,0,2017,2,"",4606,78919,79187,78787,872121512,142342225,3332914,850,"",1.3,1.06,1.05,1.05,1.07,0.98,0.91,1.01,"",-17,-0.4,153,0.2,-70,-0.1,311,0.4,27242194,3.2,-9846434,-6.5,513145,18.2,26,3.2
"1876",39000,5,"4411",56,0,2017,2,"",1813,49829,50038,49657,629254510,82224677,2019604,971,"",1.3,1.03,1.03,1.03,1.04,0.89,0.84,1.01,"",-7,-0.4,221,0.4,191,0.4,365,0.7,18923305,3.1,-5972461,-6.8,300300,17.5,24,2.5
"1877",39000,5,"44111",57,0,2017,2,"",766,43792,43950,43636,567103217,70688632,1680596,996,"",1.26,1.04,1.04,1.03,1.04,0.88,0.8,1.01,"",-5,-0.6,261,0.6,209,0.5,387,0.9,17653167,3.2,-5343557,-7,275573,19.6,25,2.6
"1878",39000,5,"441110",58,0,2017,2,"",766,43792,43950,43636,567103217,70688632,1680596,996,"",1.26,1.04,1.04,1.03,1.04,0.88,0.8,1.01,"",-5,-0.6,261,0.6,209,0.5,387,0.9,17653167,3.2,-5343557,-7,275573,19.6,25,2.6
"1879",39000,5,"44112",57,0,2017,2,"",1047,6037,6088,6021,62151293,11536045,339008,790,"",1.33,0.98,0.99,0.98,1.02,0.96,1.07,1.03,"",-2,-0.2,-40,-0.7,-18,-0.3,-22,-0.4,1270138,2.1,-628904,-5.2,24727,7.9,19,2.5
"1880",39000,5,"441120",58,0,2017,2,"",1047,6037,6088,6021,62151293,11536045,339008,790,"",1.33,0.98,0.99,0.98,1.02,0.96,1.07,1.03,"",-2,-0.2,-40,-0.7,-18,-0.3,-22,-0.4,1270138,2.1,-628904,-5.2,24727,7.9,19,2.5
"1881",39000,5,"4412",56,0,2017,2,"",401,4707,4842,4898,50670945,11022677,420598,809,"",0.95,0.81,0.81,0.81,0.82,0.78,0.88,1.01,"",-4,-1,-47,-1,-66,-1.3,-32,-0.6,1975522,4.1,-873086,-7.3,10842,2.6,39,5.1
"1882",39000,5,"44121",57,0,2017,2,"",80,1388,1434,1452,18032137,2946712,107050,974,"",1.04,0.82,0.83,0.83,0.85,0.65,0.74,1.03,"",2,2.6,90,6.9,94,7,84,6.1,2562469,16.6,91664,3.2,21513,25.2,83,9.3
"1883",39000,5,"441210",58,0,2017,2,"",80,1388,1434,1452,18032137,2946712,107050,974,"",1.04,0.82,0.83,0.83,0.85,0.65,0.74,1.03,"",2,2.6,90,6.9,94,7,84,6.1,2562469,16.6,91664,3.2,21513,25.2,83,9.3
"1884",39000,5,"44122",57,0,2017,2,"",321,3319,3408,3446,32638808,8075965,313548,740,"",0.93,0.81,0.8,0.8,0.8,0.84,0.95,1,"",-6,-1.8,-137,-4,-160,-4.5,-116,-3.3,-586947,-1.8,-964750,-10.7,-10671,-3.3,16,2.2
"1885",39000,5,"441222",58,0,2017,2,"",98,712,760,790,7573658,1966100,100224,773,"",0.74,0.53,0.53,0.54,0.55,0.62,0.74,1.02,"",-4,-3.9,25,3.6,27,3.7,14,1.8,176480,2.4,85772,4.6,12791,14.6,-4,-0.5
"1886",39000,5,"441228",58,0,2017,2,"",223,2607,2648,2656,25065150,6109865,213324,731,"",1.05,0.94,0.94,0.93,0.93,0.94,1.09,1,"",-2,-0.9,-162,-5.9,-187,-6.6,-130,-4.7,-763427,-3,-1050522,-14.7,-23462,-9.9,21,3
"1887",39000,5,"4413",56,0,2017,2,"",2392,24383,24307,24232,192196057,49094871,892712,608,"",1.39,1.18,1.17,1.17,1.26,1.25,1.16,1.07,"",-6,-0.3,-21,-0.1,-195,-0.8,-22,-0.1,6343367,3.4,-3000887,-5.8,202003,29.2,22,3.8
"1888",39000,5,"44131",57,0,2017,2,"",1601,17300,17266,17287,124431947,38043087,660404,554,"",1.44,1.25,1.24,1.25,1.36,1.48,1.34,1.09,"",-20,-1.2,-152,-0.9,-268,-1.5,-24,-0.1,1823651,1.5,-1412151,-3.6,170824,34.9,13,2.4
"1889",39000,5,"441310",58,0,2017,2,"",1601,17300,17266,17287,124431947,38043087,660404,554,"",1.44,1.25,1.24,1.25,1.36,1.48,1.34,1.09,"",-20,-1.2,-152,-0.9,-268,-1.5,-24,-0.1,1823651,1.5,-1412151,-3.6,170824,34.9,13,2.4
"1890",39000,5,"44132",57,0,2017,2,"",791,7083,7041,6945,67764110,11051784,232308,742,"",1.31,1.05,1.03,1.02,1.11,0.81,0.83,1.07,"",14,1.8,131,1.9,73,1,2,0,4519716,7.1,-1588736,-12.6,31179,15.5,42,6
"1891",39000,5,"441320",58,0,2017,2,"",791,7083,7041,6945,67764110,11051784,232308,742,"",1.31,1.05,1.03,1.02,1.11,0.81,0.83,1.07,"",14,1.8,131,1.9,73,1,2,0,4519716,7.1,-1588736,-12.6,31179,15.5,42,6
"1892",39000,5,"442",55,0,2017,2,"",1392,13749,13867,13919,113333679,25383689,576919,630,"",0.98,0.79,0.79,0.79,0.81,0.8,0.76,1.02,"",13,0.9,551,4.2,746,5.7,911,7,9327934,9,660077,2.7,134757,30.5,20,3.3
"1893",39000,5,"4421",56,0,2017,2,"",632,7612,7725,7709,68517094,14623407,330185,686,"",0.97,0.92,0.92,0.92,0.9,0.9,0.81,0.98,"",18,2.9,498,7,696,9.9,777,11.2,8231321,13.7,1351858,10.2,79485,31.7,26,3.9
"1894",39000,5,"44211",57,0,2017,2,"",632,7612,7725,7709,68517094,14623407,330185,686,"",0.97,0.92,0.92,0.92,0.9,0.9,0.81,0.98,"",18,2.9,498,7,696,9.9,777,11.2,8231321,13.7,1351858,10.2,79485,31.7,26,3.9
"1895",39000,5,"442110",58,0,2017,2,"",632,7612,7725,7709,68517094,14623407,330185,686,"",0.97,0.92,0.92,0.92,0.9,0.9,0.81,0.98,"",18,2.9,498,7,696,9.9,777,11.2,8231321,13.7,1351858,10.2,79485,31.7,26,3.9
"1896",39000,5,"4422",56,0,2017,2,"",760,6137,6142,6210,44816585,10760282,246734,559,"",0.99,0.67,0.67,0.67,0.69,0.7,0.71,1.04,"",-5,-0.7,53,0.9,50,0.8,134,2.2,1096613,2.5,-691781,-6,55272,28.9,6,1.1
"1897",39000,5,"44221",57,0,2017,2,"",367,2098,2118,2153,22976875,3466554,110143,833,"",1.2,0.78,0.78,0.79,0.78,0.62,0.76,1,"",-5,-1.3,104,5.2,108,5.4,111,5.4,1853873,8.8,40110,1.2,27617,33.5,27,3.3
"1898",39000,5,"442210",58,0,2017,2,"",367,2098,2118,2153,22976875,3466554,110143,833,"",1.2,0.78,0.78,0.79,0.78,0.62,0.76,1,"",-5,-1.3,104,5.2,108,5.4,111,5.4,1853873,8.8,40110,1.2,27617,33.5,27,3.3
"1899",39000,5,"44229",57,0,2017,2,"",393,4039,4024,4057,21839710,7293728,136591,416,"",0.85,0.62,0.62,0.62,0.62,0.75,0.67,1,"",0,0,-51,-1.2,-58,-1.4,23,0.6,-757260,-3.4,-731891,-9.1,27655,25.4,-11,-2.6
"1900",39000,5,"442291",58,0,2017,2,"",58,210,212,215,2065096,458239,11160,748,"",0.86,0.59,0.58,0.59,0.62,0.64,0.59,1.05,"",7,13.7,1,0.5,5,2.4,31,16.8,194637,10.4,45369,11,3970,55.2,29,4
"1901",39000,5,"442299",58,0,2017,2,"",335,3829,3812,3842,19774614,6835489,125431,397,"",0.85,0.63,0.62,0.62,0.62,0.76,0.68,0.99,"",-7,-2,-52,-1.3,-63,-1.6,-8,-0.2,-951897,-4.6,-777260,-10.2,23685,23.3,-15,-3.6
"1902",39000,5,"443",55,0,2017,2,"",1641,15788,15577,15181,157212892,26450012,609107,779,"",1.15,0.84,0.84,0.82,0.82,0.85,0.77,0.99,"",-29,-1.7,-956,-5.7,-1057,-6.4,-1318,-8,2517316,1.6,-4155505,-13.6,-20664,-3.3,63,8.8
"1903",39000,5,"4431",56,0,2017,2,"",1641,15788,15577,15181,157212892,26450012,609107,779,"",1.15,0.84,0.84,0.82,0.82,0.85,0.77,0.99,"",-29,-1.7,-956,-5.7,-1057,-6.4,-1318,-8,2517316,1.6,-4155505,-13.6,-20664,-3.3,63,8.8
"1904",39000,5,"44314",57,0,2017,2,"",1641,15788,15577,15181,157212892,26450012,609107,779,"",1.15,0.84,0.84,0.82,0.82,0.85,0.77,0.99,"",-29,-1.7,-956,-5.7,-1057,-6.4,-1318,-8,2517316,1.6,-4155505,-13.6,-20664,-3.3,63,8.8
"1905",39000,5,"443141",58,0,2017,2,"",181,1568,1510,1196,12393701,3018781,49767,669,"",0.95,0.8,0.77,0.64,0.71,0.77,0.57,0.96,"",-6,-3.2,-121,-7.2,-167,-10,-495,-29.3,-583600,-4.5,-574037,-16,7230,17,77,13
"1906",39000,5,"443142",58,0,2017,2,"",1460,14220,14067,13985,144819191,23431231,559340,791,"",1.18,0.85,0.84,0.85,0.84,0.86,0.79,0.99,"",-23,-1.6,-835,-5.5,-890,-6,-823,-5.6,3100916,2.2,-3581468,-13.3,-27894,-4.8,61,8.4
"1907",39000,5,"444",55,0,2017,2,"",2684,52389,54169,53482,387675287,120760114,2947416,559,"",1.29,1.06,1.08,1.07,1.12,1.27,1.28,1.04,"",-39,-1.4,-70,-0.1,-139,-0.3,-316,-0.6,9889452,2.6,-7392260,-5.8,518121,21.3,16,2.9
"1908",39000,5,"4441",56,0,2017,2,"",1914,44538,45596,45266,331355743,99446132,2056389,565,"",1.21,1.03,1.04,1.04,1.09,1.21,1.14,1.05,"",-29,-1.5,75,0.2,2,0,-130,-0.3,11342131,3.5,-5674225,-5.4,462886,29,20,3.7
"1909",39000,5,"44411",57,0,2017,2,"",357,29970,30788,30265,184641902,72624631,1402694,468,"",1.24,1.09,1.11,1.1,1.17,1.42,1.27,1.06,"",-3,-0.8,-86,-0.3,-158,-0.5,-407,-1.3,1160764,0.6,-4974264,-6.4,370689,35.9,6,1.3
"1910",39000,5,"444110",58,0,2017,2,"",357,29970,30788,30265,184641902,72624631,1402694,468,"",1.24,1.09,1.11,1.1,1.17,1.42,1.27,1.06,"",-3,-0.8,-86,-0.3,-158,-0.5,-407,-1.3,1160764,0.6,-4974264,-6.4,370689,35.9,6,1.3
"1911",39000,5,"44412",57,0,2017,2,"",246,1250,1256,1275,26039702,1369702,30378,1589,"",1.31,0.85,0.85,0.85,1.79,0.52,0.61,2.11,"",-1,-0.4,61,5.1,59,4.9,76,6.3,4196466,19.2,53983,4.1,7639,33.6,183,13
"1912",39000,5,"444120",58,0,2017,2,"",246,1250,1256,1275,26039702,1369702,30378,1589,"",1.31,0.85,0.85,0.85,1.79,0.52,0.61,2.11,"",-1,-0.4,61,5.1,59,4.9,76,6.3,4196466,19.2,53983,4.1,7639,33.6,183,13
"1913",39000,5,"44413",57,0,2017,2,"",631,6211,6350,6380,39136031,13615071,258689,477,"",1.43,1.09,1.09,1.09,1.07,1.24,1.24,0.99,"",-17,-2.6,35,0.6,10,0.2,-10,-0.2,2186962,5.9,-222818,-1.6,62279,31.7,26,5.8
"1914",39000,5,"444130",58,0,2017,2,"",631,6211,6350,6380,39136031,13615071,258689,477,"",1.43,1.09,1.09,1.09,1.07,1.24,1.24,0.99,"",-17,-2.6,35,0.6,10,0.2,-10,-0.2,2186962,5.9,-222818,-1.6,62279,31.7,26,5.8
"1915",39000,5,"44419",57,0,2017,2,"",680,7107,7202,7346,81538108,11836728,364628,869,"",1.01,0.83,0.83,0.84,0.86,0.69,0.82,1.03,"",-8,-1.2,65,0.9,91,1.3,211,3,3797939,4.9,-531126,-4.3,22279,6.5,26,3.1
"1916",39000,5,"444190",58,0,2017,2,"",680,7107,7202,7346,81538108,11836728,364628,869,"",1.01,0.83,0.83,0.84,0.86,0.69,0.82,1.03,"",-8,-1.2,65,0.9,91,1.3,211,3,3797939,4.9,-531126,-4.3,22279,6.5,26,3.1
"1917",39000,5,"4442",56,0,2017,2,"",770,7851,8573,8216,56319544,21313982,891027,527,"",1.55,1.28,1.32,1.28,1.32,1.62,1.8,1.02,"",-10,-1.3,-145,-1.8,-141,-1.6,-186,-2.2,-1452679,-2.5,-1718035,-7.5,55235,6.6,-4,-0.8
"1918",39000,5,"44421",57,0,2017,2,"",224,1894,1928,1910,17691363,3548659,101470,712,"",1.77,1.55,1.55,1.54,1.67,1.43,1.59,1.08,"",-13,-5.5,-60,-3.1,-46,-2.3,-52,-2.7,-238857,-1.3,-459939,-11.5,5209,5.4,9,1.3
"1919",39000,5,"444210",58,0,2017,2,"",224,1894,1928,1910,17691363,3548659,101470,712,"",1.77,1.55,1.55,1.54,1.67,1.43,1.59,1.08,"",-13,-5.5,-60,-3.1,-46,-2.3,-52,-2.7,-238857,-1.3,-459939,-11.5,5209,5.4,9,1.3
"1920",39000,5,"44422",57,0,2017,2,"",546,5957,6645,6306,38628181,17765323,789557,471,"",1.48,1.21,1.26,1.22,1.2,1.66,1.83,0.98,"",3,0.6,-85,-1.4,-95,-1.4,-134,-2.1,-1213822,-3,-1258096,-6.6,50026,6.8,-7,-1.5
"1921",39000,5,"444220",58,0,2017,2,"",546,5957,6645,6306,38628181,17765323,789557,471,"",1.48,1.21,1.26,1.22,1.2,1.66,1.83,0.98,"",3,0.6,-85,-1.4,-95,-1.4,-134,-2.1,-1213822,-3,-1258096,-6.6,50026,6.8,-7,-1.5
"1922",39000,5,"445",55,0,2017,2,"",4951,103115,103525,104508,559053871,215681112,3305388,415,"",1.12,0.9,0.9,0.9,0.9,1.09,0.94,1.01,"",-29,-0.6,-859,-0.8,-2027,-1.9,-2299,-2.2,10739160,2,-6419450,-2.9,1164124,54.4,15,3.8
"1923",39000,5,"4451",56,0,2017,2,"",3330,91929,92540,93323,506200755,189430695,2762311,421,"",1.23,0.92,0.92,0.92,0.94,1.11,0.96,1.02,"",4,0.1,-1439,-1.5,-2053,-2.2,-2350,-2.5,10508911,2.1,-6965685,-3.5,1030991,59.5,18,4.5
"1924",39000,5,"44511",57,0,2017,2,"",1922,84691,85121,85776,478069963,170433767,2408835,432,"",1.06,0.9,0.9,0.9,0.93,1.07,0.92,1.03,"",-29,-1.5,-1539,-1.8,-2215,-2.5,-2600,-2.9,9478612,2,-7542203,-4.2,922376,62.1,19,4.6
"1925",39000,5,"445110",58,0,2017,2,"",1922,84691,85121,85776,478069963,170433767,2408835,432,"",1.06,0.9,0.9,0.9,0.93,1.07,0.92,1.03,"",-29,-1.5,-1539,-1.8,-2215,-2.5,-2600,-2.9,9478612,2,-7542203,-4.2,922376,62.1,19,4.6
"1926",39000,5,"44512",57,0,2017,2,"",1408,7238,7419,7547,28130792,18996928,353476,292,"",1.56,1.22,1.22,1.22,1.08,1.71,1.36,0.89,"",33,2.4,100,1.4,162,2.2,250,3.4,1030299,3.8,576518,3.1,108615,44.4,4,1.4
"1927",39000,5,"445120",58,0,2017,2,"",1408,7238,7419,7547,28130792,18996928,353476,292,"",1.56,1.22,1.22,1.22,1.08,1.71,1.36,0.89,"",33,2.4,100,1.4,162,2.2,250,3.4,1030299,3.8,576518,3.1,108615,44.4,4,1.4
"1928",39000,5,"4452",56,0,2017,2,"",738,7022,6719,6896,36012914,15614972,354389,403,"",0.94,0.83,0.78,0.79,0.77,1.02,0.91,0.96,"",6,0.8,642,10.1,60,0.9,112,1.7,-218727,-0.6,687175,4.6,78703,28.5,-19,-4.5
"1929",39000,5,"44521",57,0,2017,2,"",257,2763,2245,2256,12460867,5477208,98643,396,"",1.43,1.33,1.14,1.14,1.1,1.49,1.22,0.91,"",-4,-1.5,440,18.9,-76,-3.3,-77,-3.3,-225600,-1.8,-176592,-3.1,26005,35.8,-24,-5.7
"1930",39000,5,"445210",58,0,2017,2,"",257,2763,2245,2256,12460867,5477208,98643,396,"",1.43,1.33,1.14,1.14,1.1,1.49,1.22,0.91,"",-4,-1.5,440,18.9,-76,-3.3,-77,-3.3,-225600,-1.8,-176592,-3.1,26005,35.8,-24,-5.7
"1931",39000,5,"44522",57,0,2017,2,"",17,92,100,99,627709,302369,15025,498,"",0.24,0.16,0.17,0.16,0.18,0.25,0.44,1.09,"",0,0,-5,-5.2,-7,-6.5,-11,-10,42904,7.3,3584,1.2,2630,21.2,68,15.8
"1932",39000,5,"445220",58,0,2017,2,"",17,92,100,99,627709,302369,15025,498,"",0.24,0.16,0.17,0.16,0.18,0.25,0.44,1.09,"",0,0,-5,-5.2,-7,-6.5,-11,-10,42904,7.3,3584,1.2,2630,21.2,68,15.8
"1933",39000,5,"44523",57,0,2017,2,"",121,1759,1913,2078,10385761,4802498,114143,417,"",1.15,1.29,1.3,1.36,1.16,1.75,1.42,0.88,"",0,0,167,10.5,108,6,49,2.4,552251,5.6,420853,9.6,13965,13.9,-1,-0.2
"1934",39000,5,"445230",58,0,2017,2,"",121,1759,1913,2078,10385761,4802498,114143,417,"",1.15,1.29,1.3,1.36,1.16,1.75,1.42,0.88,"",0,0,167,10.5,108,6,49,2.4,552251,5.6,420853,9.6,13965,13.9,-1,-0.2
"1935",39000,5,"44529",57,0,2017,2,"",343,2408,2461,2463,12538577,5032897,126578,395,"",0.79,0.54,0.54,0.54,0.55,0.65,0.65,1.02,"",10,3,40,1.7,35,1.4,151,6.5,-588282,-4.5,439330,9.6,36103,39.9,-31,-7.3
"1936",39000,5,"445291",58,0,2017,2,"",54,393,414,437,1830401,901186,25276,340,"",0.67,0.5,0.52,0.55,0.4,0.69,0.8,0.76,"",2,3.8,32,8.9,56,15.6,65,17.5,331743,22.1,270300,42.8,11100,78.3,23,7.3
"1937",39000,5,"445292",58,0,2017,2,"",130,955,937,909,3709738,1783878,47923,306,"",1.35,1.18,1.16,1.11,1.05,1.52,1.3,0.91,"",-2,-1.5,49,5.4,-1,-0.1,-12,-1.3,310843,9.1,66465,3.9,11134,30.3,22,7.7
"1938",39000,5,"445299",58,0,2017,2,"",159,1060,1110,1117,6998438,2347833,53379,491,"",0.62,0.37,0.38,0.38,0.48,0.44,0.42,1.27,"",10,6.7,-41,-3.7,-20,-1.8,98,9.6,-1230868,-15,102565,4.6,13869,35.1,-93,-15.9
"1939",39000,5,"4453",56,0,2017,2,"",883,4164,4266,4289,16840202,10635445,188688,306,"",0.96,0.72,0.73,0.72,0.55,1,0.8,0.76,"",-39,-4.2,-62,-1.5,-34,-0.8,-61,-1.4,448976,2.7,-140940,-1.3,54430,40.5,12,4.1
"1940",39000,5,"44531",57,0,2017,2,"",883,4164,4266,4289,16840202,10635445,188688,306,"",0.96,0.72,0.73,0.72,0.55,1,0.8,0.76,"",-39,-4.2,-62,-1.5,-34,-0.8,-61,-1.4,448976,2.7,-140940,-1.3,54430,40.5,12,4.1
"1941",39000,5,"445310",58,0,2017,2,"",883,4164,4266,4289,16840202,10635445,188688,306,"",0.96,0.72,0.73,0.72,0.55,1,0.8,0.76,"",-39,-4.2,-62,-1.5,-34,-0.8,-61,-1.4,448976,2.7,-140940,-1.3,54430,40.5,12,4.1
"1942",39000,5,"446",55,0,2017,2,"",3553,37060,36857,36861,295815221,70045146,1093660,616,"",1.07,0.93,0.93,0.93,0.91,1.11,0.85,0.98,"",17,0.5,493,1.3,430,1.2,309,0.8,-20875565,-6.6,-8337373,-10.6,278520,34.2,-51,-7.6
"1943",39000,5,"4461",56,0,2017,2,"",3553,37060,36857,36861,295815221,70045146,1093660,616,"",1.07,0.93,0.93,0.93,0.91,1.11,0.85,0.98,"",17,0.5,493,1.3,430,1.2,309,0.8,-20875565,-6.6,-8337373,-10.6,278520,34.2,-51,-7.6
"1944",39000,5,"44611",57,0,2017,2,"",2154,26546,26322,26243,227450260,54033593,737426,663,"",1.13,0.97,0.97,0.97,0.96,1.24,0.91,0.98,"",27,1.3,-115,-0.4,-391,-1.5,-605,-2.3,-15752854,-6.5,-6284500,-10.4,257915,53.8,-37,-5.3
"1945",39000,5,"446110",58,0,2017,2,"",2154,26546,26322,26243,227450260,54033593,737426,663,"",1.13,0.97,0.97,0.97,0.96,1.24,0.91,0.98,"",27,1.3,-115,-0.4,-391,-1.5,-605,-2.3,-15752854,-6.5,-6284500,-10.4,257915,53.8,-37,-5.3
"1946",39000,5,"44612",57,0,2017,2,"",477,5110,5120,5248,21586864,7498270,157992,322,"",0.99,0.89,0.89,0.9,0.67,0.92,0.8,0.75,"",12,2.6,673,15.2,908,21.6,1050,25,-3984391,-15.6,-1160974,-13.4,11264,7.7,-137,-29.8
"1947",39000,5,"446120",58,0,2017,2,"",477,5110,5120,5248,21586864,7498270,157992,322,"",0.99,0.89,0.89,0.9,0.67,0.92,0.8,0.75,"",12,2.6,673,15.2,908,21.6,1050,25,-3984391,-15.6,-1160974,-13.4,11264,7.7,-137,-29.8
"1948",39000,5,"44613",57,0,2017,2,"",362,2096,2110,2098,18555919,2489833,54191,679,"",1.08,0.77,0.77,0.76,0.9,0.55,0.54,1.18,"",-8,-2.2,-16,-0.8,12,0.6,6,0.3,425643,2.3,-201926,-7.5,6810,14.4,15,2.3
"1949",39000,5,"446130",58,0,2017,2,"",362,2096,2110,2098,18555919,2489833,54191,679,"",1.08,0.77,0.77,0.76,0.9,0.55,0.54,1.18,"",-8,-2.2,-16,-0.8,12,0.6,6,0.3,425643,2.3,-201926,-7.5,6810,14.4,15,2.3
"1950",39000,5,"44619",57,0,2017,2,"",560,3308,3305,3272,28222178,6023450,144051,659,"",0.95,0.83,0.82,0.81,0.82,0.85,0.78,1,"",-14,-2.4,-49,-1.5,-99,-2.9,-142,-4.2,-1563963,-5.3,-689973,-10.3,2531,1.8,-17,-2.5
"1951",39000,5,"446191",58,0,2017,2,"",271,1287,1280,1262,6311274,2728247,48297,380,"",0.91,0.68,0.68,0.67,0.56,0.85,0.63,0.83,"",0,0,18,1.4,-18,-1.4,-53,-4,-444034,-6.6,-314417,-10.3,85,0.2,-22,-5.5
"1952",39000,5,"446199",58,0,2017,2,"",289,2021,2025,2010,21910904,3295203,95754,835,"",1,0.95,0.95,0.94,0.94,0.85,0.88,0.99,"",-14,-4.6,-67,-3.2,-81,-3.8,-89,-4.2,-1119929,-4.9,-375556,-10.2,2446,2.6,-10,-1.2
"1953",39000,5,"447",55,0,2017,2,"",3697,36051,36768,37021,189043118,88483568,1571083,397,"",1.16,1.05,1.05,1.05,1.14,1.33,1.21,1.09,"",-2,-0.1,-759,-2.1,-108,-0.3,-185,-0.5,10594771,5.9,-1810071,-2,430064,37.7,26,7
"1954",39000,5,"4471",56,0,2017,2,"",3697,36051,36768,37021,189043118,88483568,1571083,397,"",1.16,1.05,1.05,1.05,1.14,1.33,1.21,1.09,"",-2,-0.1,-759,-2.1,-108,-0.3,-185,-0.5,10594771,5.9,-1810071,-2,430064,37.7,26,7
"1955",39000,5,"44711",57,0,2017,2,"",3314,30894,31542,31758,152072912,73834023,1258495,373,"",1.15,1.01,1.02,1.01,1.06,1.27,1.13,1.05,"",8,0.2,-879,-2.8,-254,-0.8,-399,-1.2,5511412,3.8,-2083818,-2.7,331464,35.8,20,5.7
"1956",39000,5,"447110",58,0,2017,2,"",3314,30894,31542,31758,152072912,73834023,1258495,373,"",1.15,1.01,1.02,1.01,1.06,1.27,1.13,1.05,"",8,0.2,-879,-2.8,-254,-0.8,-399,-1.2,5511412,3.8,-2083818,-2.7,331464,35.8,20,5.7
"1957",39000,5,"44719",57,0,2017,2,"",383,5157,5226,5263,36970206,14649545,312588,545,"",1.2,1.33,1.33,1.33,1.62,1.79,1.7,1.21,"",-10,-2.5,120,2.4,146,2.9,214,4.2,5083359,15.9,273747,1.9,98600,46.1,60,12.4
"1958",39000,5,"447190",58,0,2017,2,"",383,5157,5226,5263,36970206,14649545,312588,545,"",1.2,1.33,1.33,1.33,1.62,1.79,1.7,1.21,"",-10,-2.5,120,2.4,146,2.9,214,4.2,5083359,15.9,273747,1.9,98600,46.1,60,12.4
"1959",39000,5,"448",55,0,2017,2,"",3735,38237,38677,38977,180938130,64910523,1258043,360,"",0.98,0.77,0.77,0.77,0.74,0.91,0.73,0.97,"",-2,-0.1,216,0.6,246,0.6,171,0.4,-15640103,-8,-5915589,-8.4,239378,23.5,-34,-8.6
"1960",39000,5,"4481",56,0,2017,2,"",2386,27542,27826,28120,115579400,45769266,904282,319,"",0.94,0.74,0.74,0.74,0.68,0.87,0.7,0.92,"",-4,-0.2,-30,-0.1,-167,-0.6,-150,-0.5,-8528023,-6.9,-5269025,-10.3,160916,21.6,-23,-6.7
"1961",39000,5,"44811",57,0,2017,2,"",179,1246,1240,1251,7848989,2460930,44993,485,"",0.96,0.68,0.67,0.67,0.59,0.8,0.54,0.88,"",-3,-1.6,-60,-4.6,-39,-3,-2,-0.2,-800873,-9.3,-424235,-14.7,-1781,-3.8,-35,-6.7
"1962",39000,5,"448110",58,0,2017,2,"",179,1246,1240,1251,7848989,2460930,44993,485,"",0.96,0.68,0.67,0.67,0.59,0.8,0.54,0.88,"",-3,-1.6,-60,-4.6,-39,-3,-2,-0.2,-800873,-9.3,-424235,-14.7,-1781,-3.8,-35,-6.7
"1963",39000,5,"44812",57,0,2017,2,"",718,7078,7225,7376,27684341,11975439,242532,295,"",0.86,0.71,0.72,0.72,0.63,0.86,0.7,0.89,"",5,0.7,-482,-6.4,-484,-6.3,-459,-5.9,-5405023,-16.3,-1053877,-8.1,54965,29.3,-36,-10.9
"1964",39000,5,"448120",58,0,2017,2,"",718,7078,7225,7376,27684341,11975439,242532,295,"",0.86,0.71,0.72,0.72,0.63,0.86,0.7,0.89,"",5,0.7,-482,-6.4,-484,-6.3,-459,-5.9,-5405023,-16.3,-1053877,-8.1,54965,29.3,-36,-10.9
"1965",39000,5,"44813",57,0,2017,2,"",194,2353,2307,2247,7954522,3431774,61073,266,"",1.06,0.94,0.93,0.91,0.85,1.09,0.84,0.92,"",-4,-2,-15,-0.6,-118,-4.9,-192,-7.9,519643,7,-185947,-5.1,9430,18.3,29,12.2
"1966",39000,5,"448130",58,0,2017,2,"",194,2353,2307,2247,7954522,3431774,61073,266,"",1.06,0.94,0.93,0.91,0.85,1.09,0.84,0.92,"",-4,-2,-15,-0.6,-118,-4.9,-192,-7.9,519643,7,-185947,-5.1,9430,18.3,29,12.2
"1967",39000,5,"44814",57,0,2017,2,"",637,11209,11467,11508,42329718,17816154,340083,286,"",0.9,0.69,0.7,0.68,0.61,0.8,0.64,0.89,"",10,1.6,266,2.4,246,2.2,92,0.8,964556,2.3,-2055206,-10.3,70655,26.2,2,0.7
"1968",39000,5,"448140",58,0,2017,2,"",637,11209,11467,11508,42329718,17816154,340083,286,"",0.9,0.69,0.7,0.68,0.61,0.8,0.64,0.89,"",10,1.6,266,2.4,246,2.2,92,0.8,964556,2.3,-2055206,-10.3,70655,26.2,2,0.7
"1969",39000,5,"44815",57,0,2017,2,"",263,1512,1531,1550,6273466,2919513,63346,315,"",1.05,0.76,0.76,0.76,0.53,0.93,0.79,0.7,"",-7,-2.6,11,0.7,1,0.1,15,1,45969,0.7,-221927,-7.1,13343,26.7,0,0
"1970",39000,5,"448150",58,0,2017,2,"",263,1512,1531,1550,6273466,2919513,63346,315,"",1.05,0.76,0.76,0.76,0.53,0.93,0.79,0.7,"",-7,-2.6,11,0.7,1,0.1,15,1,45969,0.7,-221927,-7.1,13343,26.7,0,0
"1971",39000,5,"44819",57,0,2017,2,"",395,4144,4056,4188,23488364,7165456,152255,438,"",1.06,0.92,0.9,0.89,1.1,1.05,0.88,1.22,"",-5,-1.2,250,6.4,227,5.9,396,10.4,-3852295,-14.1,-1327833,-15.6,14304,10.4,-110,-20.1
"1972",39000,5,"448190",58,0,2017,2,"",395,4144,4056,4188,23488364,7165456,152255,438,"",1.06,0.92,0.9,0.89,1.1,1.05,0.88,1.22,"",-5,-1.2,250,6.4,227,5.9,396,10.4,-3852295,-14.1,-1327833,-15.6,14304,10.4,-110,-20.1
"1973",39000,5,"4482",56,0,2017,2,"",656,6431,6537,6565,27820675,11927189,215692,329,"",1.05,0.84,0.85,0.84,0.82,1.12,0.88,0.97,"",4,0.6,333,5.5,417,6.8,324,5.2,973293,3.6,114095,1,62566,40.9,-7,-2.1
"1974",39000,5,"44821",57,0,2017,2,"",656,6431,6537,6565,27820675,11927189,215692,329,"",1.05,0.84,0.85,0.84,0.82,1.12,0.88,0.97,"",4,0.6,333,5.5,417,6.8,324,5.2,973293,3.6,114095,1,62566,40.9,-7,-2.1
"1975",39000,5,"448210",58,0,2017,2,"",656,6431,6537,6565,27820675,11927189,215692,329,"",1.05,0.84,0.85,0.84,0.82,1.12,0.88,0.97,"",4,0.6,333,5.5,417,6.8,324,5.2,973293,3.6,114095,1,62566,40.9,-7,-2.1
"1976",39000,5,"4483",56,0,2017,2,"",693,4264,4314,4292,37538055,7214068,138069,673,"",1.05,0.87,0.87,0.87,0.93,0.89,0.72,1.07,"",-2,-0.3,-87,-2,-4,-0.1,-3,-0.1,-8085373,-17.7,-760659,-9.5,15896,13,-139,-17.1
"1977",39000,5,"44831",57,0,2017,2,"",663,4024,4054,4039,35829941,6774450,131840,682,"",1.07,0.91,0.91,0.91,0.99,0.93,0.78,1.09,"",-2,-0.3,-107,-2.6,-50,-1.2,-23,-0.6,-8418297,-19,-718963,-9.6,14746,12.6,-148,-17.8
"1978",39000,5,"448310",58,0,2017,2,"",663,4024,4054,4039,35829941,6774450,131840,682,"",1.07,0.91,0.91,0.91,0.99,0.93,0.78,1.09,"",-2,-0.3,-107,-2.6,-50,-1.2,-23,-0.6,-8418297,-19,-718963,-9.6,14746,12.6,-148,-17.8
"1979",39000,5,"44832",57,0,2017,2,"",30,240,260,253,1708114,439618,6229,523,"",0.73,0.49,0.52,0.49,0.41,0.53,0.28,0.81,"",0,0,20,9.1,46,21.5,20,8.6,332924,24.2,-41696,-8.7,1150,22.6,47,9.9
"1980",39000,5,"448320",58,0,2017,2,"",30,240,260,253,1708114,439618,6229,523,"",0.73,0.49,0.52,0.49,0.41,0.53,0.28,0.81,"",0,0,20,9.1,46,21.5,20,8.6,332924,24.2,-41696,-8.7,1150,22.6,47,9.9
"1981",39000,5,"451",55,0,2017,2,"",1727,19813,19542,19234,89279060,38428853,701210,352,"",1.12,0.92,0.9,0.89,0.87,1.11,0.99,0.96,"",-30,-1.7,-927,-4.5,-1168,-5.6,-1138,-5.6,-3870701,-4.2,-2845887,-6.9,134834,23.8,4,1.1
"1982",39000,5,"4511",56,0,2017,2,"",1497,17580,17412,17274,80954013,34545100,646721,357,"",1.14,0.95,0.93,0.92,0.91,1.15,1.06,0.97,"",-10,-0.7,-749,-4.1,-963,-5.2,-896,-4.9,-2978688,-3.5,-2298919,-6.2,119557,22.7,4,1.1
"1983",39000,5,"45111",57,0,2017,2,"",722,9010,8996,8917,46004578,19860935,414775,394,"",1.01,0.85,0.84,0.83,0.83,1.09,1.09,0.99,"",2,0.3,-233,-2.5,-278,-3,-283,-3.1,1158132,2.6,-592627,-2.9,79194,23.6,21,5.6
"1984",39000,5,"451110",58,0,2017,2,"",722,9010,8996,8917,46004578,19860935,414775,394,"",1.01,0.85,0.84,0.83,0.83,1.09,1.09,0.99,"",2,0.3,-233,-2.5,-278,-3,-283,-3.1,1158132,2.6,-592627,-2.9,79194,23.6,21,5.6
"1985",39000,5,"45112",57,0,2017,2,"",473,5944,5795,5759,22688176,10138625,161154,299,"",1.34,1.09,1.06,1.06,1.07,1.31,1.03,1,"",-6,-1.3,-391,-6.2,-536,-8.5,-504,-8,-4018516,-15,-1416875,-12.3,14822,10.1,-27,-8.3
"1986",39000,5,"451120",58,0,2017,2,"",473,5944,5795,5759,22688176,10138625,161154,299,"",1.34,1.09,1.06,1.06,1.07,1.31,1.03,1,"",-6,-1.3,-391,-6.2,-536,-8.5,-504,-8,-4018516,-15,-1416875,-12.3,14822,10.1,-27,-8.3
"1987",39000,5,"45113",57,0,2017,2,"",163,1623,1619,1610,5759333,2662365,40182,274,"",1.27,1.15,1.15,1.16,1.07,1.29,1.08,0.93,"",-2,-1.2,-76,-4.5,-78,-4.6,-80,-4.7,551207,10.6,-26801,-1,19872,97.8,38,16.1
"1988",39000,5,"451130",58,0,2017,2,"",163,1623,1619,1610,5759333,2662365,40182,274,"",1.27,1.15,1.15,1.16,1.07,1.29,1.08,0.93,"",-2,-1.2,-76,-4.5,-78,-4.6,-80,-4.7,551207,10.6,-26801,-1,19872,97.8,38,16.1
"1989",39000,5,"45114",57,0,2017,2,"",139,1003,1002,988,6501926,1883175,30610,501,"",1.21,0.87,0.87,0.86,0.89,0.97,0.84,1.03,"",-4,-2.8,-49,-4.7,-71,-6.6,-29,-2.9,-669511,-9.3,-262616,-12.2,5669,22.7,-26,-4.9
"1990",39000,5,"451140",58,0,2017,2,"",139,1003,1002,988,6501926,1883175,30610,501,"",1.21,0.87,0.87,0.86,0.89,0.97,0.84,1.03,"",-4,-2.8,-49,-4.7,-71,-6.6,-29,-2.9,-669511,-9.3,-262616,-12.2,5669,22.7,-26,-4.9
"1991",39000,5,"4512",56,0,2017,2,"",230,2233,2130,1960,8325047,3883753,54489,304,"",1.01,0.75,0.71,0.7,0.63,0.87,0.56,0.87,"",-20,-8,-178,-7.4,-205,-8.8,-242,-11,-892013,-9.7,-546968,-12.3,15277,39,-2,-0.7
"1992",39000,5,"45121",57,0,2017,2,"",230,2233,2130,1960,8325047,3883753,54489,304,"",1.01,0.75,0.71,0.7,0.63,0.87,0.56,0.87,"",-20,-8,-178,-7.4,-205,-8.8,-242,-11,-892013,-9.7,-546968,-12.3,15277,39,-2,-0.7
"1993",39000,5,"451211",58,0,2017,2,"",215,2187,2085,1917,8171989,3785117,53034,305,"",1.08,0.81,0.76,0.76,0.7,0.95,0.63,0.9,"",-17,-7.3,-174,-7.4,-201,-8.8,-235,-10.9,-862348,-9.5,-518339,-12,15232,40.3,-2,-0.7
"1994",39000,5,"451212",58,0,2017,2,"",15,46,45,43,153058,98636,1455,264,"",0.54,0.18,0.18,0.17,0.1,0.2,0.12,0.55,"",-3,-16.7,-4,-8,-4,-8.2,-7,-14,-29665,-16.2,-28629,-22.5,45,3.2,-19,-6.7
"1995",39000,5,"452",55,0,2017,2,"",2542,113063,112851,113059,629835456,271684729,4034757,429,"",1.36,1,0.99,0.99,1.03,1.32,1.07,1.03,"",47,1.9,-3278,-2.8,-4129,-3.5,-4094,-3.5,1454078,0.2,-22805332,-7.7,1211018,42.9,15,3.6
"1996",39000,5,"4522",56,0,2017,2,"",464,36843,36565,36342,169914060,79172717,1088735,357,"",1.17,0.88,0.88,0.87,0.83,1.14,0.77,0.94,"N",464,100,0,0,0,0,0,0,0,0,0,0,0,0,0,0
"1997",39000,5,"45221",57,0,2017,2,"",464,36843,36565,36342,169914060,79172717,1088735,357,"",1.17,0.88,0.88,0.87,0.83,1.14,0.77,0.94,"N",464,100,0,0,0,0,0,0,0,0,0,0,0,0,0,0
"1998",39000,5,"452210",58,0,2017,2,"",464,36843,36565,36342,169914060,79172717,1088735,357,"",1.17,0.88,0.88,0.87,0.83,1.14,0.77,0.94,"N",464,100,0,0,0,0,0,0,0,0,0,0,0,0,0,0
"1999",39000,5,"4523",56,0,2017,2,"",2078,76220,76286,76717,459921396,192512012,2946022,463,"",1.41,1.06,1.06,1.06,1.13,1.41,1.25,1.06,"N",2078,100,0,0,0,0,0,0,0,0,0,0,0,0,0,0
"2000",39000,5,"45231",57,0,2017,2,"",2078,76220,76286,76717,459921396,192512012,2946022,463,"",1.41,1.06,1.06,1.06,1.13,1.41,1.25,1.06,"N",2078,100,0,0,0,0,0,0,0,0,0,0,0,0,0,0
"2001",39000,5,"452311",58,0,2017,2,"",246,58560,58778,59556,381616387,152013165,2121047,498,"",1.36,1.08,1.09,1.09,1.14,1.4,1.26,1.05,"N",246,100,0,0,0,0,0,0,0,0,0,0,0,0,0,0
"2002",39000,5,"452319",58,0,2017,2,"",1832,17660,17508,17161,78305009,40498847,824975,345,"",1.42,1,0.98,0.97,1.07,1.46,1.21,1.09,"N",1832,100,0,0,0,0,0,0,0,0,0,0,0,0,0,0
"2003",39000,5,"453",55,0,2017,2,"",3709,28983,30026,30311,158037525,63136492,1419701,408,"",1.09,0.95,0.96,0.97,0.88,1.23,1.05,0.92,"",-10,-0.3,-333,-1.1,-51,-0.2,287,1,6852334,4.5,-953390,-1.5,288851,25.5,18,4.6
"2004",39000,5,"4531",56,0,2017,2,"",529,2871,3194,2978,12693677,7494731,123362,324,"",1.35,1.27,1.27,1.3,1.16,1.77,1.29,0.91,"",-12,-2.2,20,0.7,56,1.8,-20,-0.7,399261,3.2,-112828,-1.5,29137,30.9,8,2.5
"2005",39000,5,"45311",57,0,2017,2,"",529,2871,3194,2978,12693677,7494731,123362,324,"",1.35,1.27,1.27,1.3,1.16,1.77,1.29,0.91,"",-12,-2.2,20,0.7,56,1.8,-20,-0.7,399261,3.2,-112828,-1.5,29137,30.9,8,2.5
"2006",39000,5,"453110",58,0,2017,2,"",529,2871,3194,2978,12693677,7494731,123362,324,"",1.35,1.27,1.27,1.3,1.16,1.77,1.29,0.91,"",-12,-2.2,20,0.7,56,1.8,-20,-0.7,399261,3.2,-112828,-1.5,29137,30.9,8,2.5
"2007",39000,5,"4532",56,0,2017,2,"",900,7627,7777,7811,44302202,15643161,331058,440,"",1.05,0.82,0.82,0.82,0.8,1,0.83,0.98,"",-39,-4.2,-444,-5.5,-419,-5.1,-406,-4.9,1650411,3.9,-980012,-5.9,44302,15.4,38,9.5
"2008",39000,5,"45321",57,0,2017,2,"",237,3170,3186,3131,27258492,6096192,119145,663,"",0.99,0.79,0.79,0.78,0.87,0.88,0.66,1.1,"",-19,-7.4,-237,-7,-184,-5.5,-238,-7.1,1463468,5.7,-449773,-6.9,4408,3.8,76,12.9
"2009",39000,5,"453210",58,0,2017,2,"",237,3170,3186,3131,27258492,6096192,119145,663,"",0.99,0.79,0.79,0.78,0.87,0.88,0.66,1.1,"",-19,-7.4,-237,-7,-184,-5.5,-238,-7.1,1463468,5.7,-449773,-6.9,4408,3.8,76,12.9
"2010",39000,5,"45322",57,0,2017,2,"",663,4457,4591,4680,17043710,9546969,211913,287,"",1.07,0.84,0.83,0.84,0.71,1.1,0.98,0.85,"",-20,-2.9,-207,-4.4,-235,-4.9,-168,-3.5,186943,1.1,-530239,-5.3,39894,23.2,16,5.9
"2011",39000,5,"453220",58,0,2017,2,"",663,4457,4591,4680,17043710,9546969,211913,287,"",1.07,0.84,0.83,0.84,0.71,1.1,0.98,0.85,"",-20,-2.9,-207,-4.4,-235,-4.9,-168,-3.5,186943,1.1,-530239,-5.3,39894,23.2,16,5.9
"2012",39000,5,"4533",56,0,2017,2,"",688,7588,7683,7789,34532164,13980947,283245,346,"",1.27,1.17,1.18,1.19,1.15,1.83,1.6,0.97,"",10,1.5,-59,-0.8,-42,-0.5,114,1.5,1657862,5,9814,0.1,80908,40,17,5.2
"2013",39000,5,"45331",57,0,2017,2,"",688,7588,7683,7789,34532164,13980947,283245,346,"",1.27,1.17,1.18,1.19,1.15,1.83,1.6,0.97,"",10,1.5,-59,-0.8,-42,-0.5,114,1.5,1657862,5,9814,0.1,80908,40,17,5.2
"2014",39000,5,"453310",58,0,2017,2,"",688,7588,7683,7789,34532164,13980947,283245,346,"",1.27,1.17,1.18,1.19,1.15,1.83,1.6,0.97,"",10,1.5,-59,-0.8,-42,-0.5,114,1.5,1657862,5,9814,0.1,80908,40,17,5.2
"2015",39000,5,"4539",56,0,2017,2,"",1592,10897,11372,11733,66509482,26017653,682036,451,"",0.99,0.89,0.9,0.92,0.8,1.1,1,0.89,"",31,2,150,1.4,354,3.2,599,5.4,3144800,5,129636,0.5,134504,24.6,7,1.6
"2016",39000,5,"45391",57,0,2017,2,"",372,4519,4530,4522,22633477,10501735,188030,385,"",1.28,1.02,1.02,1.02,0.99,1.35,1.08,0.97,"",27,7.8,43,1,35,0.8,63,1.4,418505,1.9,107660,1,51193,37.4,3,0.8
"2017",39000,5,"453910",58,0,2017,2,"",372,4519,4530,4522,22633477,10501735,188030,385,"",1.28,1.02,1.02,1.02,0.99,1.35,1.08,0.97,"",27,7.8,43,1,35,0.8,63,1.4,418505,1.9,107660,1,51193,37.4,3,0.8
"2018",39000,5,"45392",57,0,2017,2,"",93,426,431,439,3181239,891078,23336,566,"",0.6,0.68,0.67,0.68,0.46,0.81,0.79,0.68,"",-4,-4.1,-1,-0.2,-6,-1.4,25,6,30921,1,45745,5.4,10132,76.7,-3,-0.5
"2019",39000,5,"453920",58,0,2017,2,"",93,426,431,439,3181239,891078,23336,566,"",0.6,0.68,0.67,0.68,0.46,0.81,0.79,0.68,"",-4,-4.1,-1,-0.2,-6,-1.4,25,6,30921,1,45745,5.4,10132,76.7,-3,-0.5
"2020",39000,5,"45393",57,0,2017,2,"",44,234,253,264,2561641,403400,17681,787,"",0.67,0.49,0.52,0.53,0.49,0.39,0.49,0.96,"",-2,-4.3,-54,-18.8,-44,-14.8,-46,-14.8,-247418,-8.8,-170972,-29.8,-1021,-5.5,63,8.7
"2021",39000,5,"453930",58,0,2017,2,"",44,234,253,264,2561641,403400,17681,787,"",0.67,0.49,0.52,0.53,0.49,0.39,0.49,0.96,"",-2,-4.3,-54,-18.8,-44,-14.8,-46,-14.8,-247418,-8.8,-170972,-29.8,-1021,-5.5,63,8.7
"2022",39000,5,"45399",57,0,2017,2,"",1083,5718,6158,6508,38133125,14221440,452989,479,"",0.99,0.84,0.88,0.9,0.8,1.03,1.03,0.91,"",10,0.9,162,2.9,369,6.4,557,9.4,2942792,8.4,147203,1,74200,19.6,9,1.9
"2023",39000,5,"453991",58,0,2017,2,"",423,1700,1703,1719,8574051,4550146,124254,386,"",1.37,1.15,1.14,1.15,1.19,1.61,1.76,1.03,"",-2,-0.5,-50,-2.9,-34,-2,-7,-0.4,170348,2,-132766,-2.8,18733,17.8,14,3.8
"2024",39000,5,"453998",58,0,2017,2,"",660,4018,4455,4789,29559074,9671294,328735,514,"",0.84,0.76,0.8,0.83,0.73,0.88,0.89,0.91,"",12,1.9,212,5.6,403,9.9,564,13.3,2772444,10.4,279969,3,55467,20.3,2,0.4
"2025",39000,5,"454",55,0,2017,2,"",1287,33315,33711,34107,319029949,82019466,2276861,728,"",0.87,1.61,1.61,1.62,1.03,1.66,2.01,0.64,"",7,0.5,7274,27.9,7792,30.1,8653,34,66721651,26.4,26652099,48.1,987919,76.6,-24,-3.2
"2026",39000,5,"4541",56,0,2017,2,"",748,23490,23973,24666,230096710,61686077,1750981,736,"",0.94,1.64,1.65,1.67,0.95,1.69,2.31,0.58,"",29,4,7436,46.3,7791,48.1,8761,55.1,61179448,36.2,26012560,72.9,894702,104.5,-74,-9.1
"2027",39000,5,"45411",57,0,2017,2,"",748,23490,23973,24666,230096710,61686077,1750981,736,"",0.94,1.64,1.65,1.67,0.95,1.69,2.31,0.58,"",29,4,7436,46.3,7791,48.1,8761,55.1,61179448,36.2,26012560,72.9,894702,104.5,-74,-9.1
"2028",39000,5,"454110",58,0,2017,2,"",748,23490,23973,24666,230096710,61686077,1750981,736,"",0.94,1.64,1.65,1.67,0.95,1.69,2.31,0.58,"N",748,100,0,0,0,0,0,0,0,0,0,0,0,0,0,0
"2029",39000,5,"4542",56,0,2017,2,"",164,5596,5514,5154,40586379,13705768,303910,576,"",1.44,3.85,3.8,3.66,3.63,4.98,3.51,0.96,"",-10,-5.7,-68,-1.2,54,1,-36,-0.7,5357652,15.2,794852,6.2,50220,19.8,78,15.7
"2030",39000,5,"45421",57,0,2017,2,"",164,5596,5514,5154,40586379,13705768,303910,576,"",1.44,3.85,3.8,3.66,3.63,4.98,3.51,0.96,"",-10,-5.7,-68,-1.2,54,1,-36,-0.7,5357652,15.2,794852,6.2,50220,19.8,78,15.7
"2031",39000,5,"454210",58,0,2017,2,"",164,5596,5514,5154,40586379,13705768,303910,576,"",1.44,3.85,3.8,3.66,3.63,4.98,3.51,0.96,"",-10,-5.7,-68,-1.2,54,1,-36,-0.7,5357652,15.2,794852,6.2,50220,19.8,78,15.7
"2032",39000,5,"4543",56,0,2017,2,"",375,4229,4224,4287,48346860,6627621,221970,876,"",0.66,0.87,0.86,0.88,0.88,0.65,0.77,1.01,"",-12,-3.1,-94,-2.2,-53,-1.2,-72,-1.7,184551,0.4,-155313,-2.3,42997,24,18,2.1
"2033",39000,5,"45431",57,0,2017,2,"",185,1685,1677,1666,18941877,2314060,70145,869,"",0.76,0.62,0.63,0.63,0.62,0.45,0.42,0.99,"",-4,-2.1,-39,-2.3,-16,-0.9,-21,-1.2,812925,4.5,-82713,-3.5,10317,17.2,49,6
"2034",39000,5,"454310",58,0,2017,2,"",185,1685,1677,1666,18941877,2314060,70145,869,"",0.76,0.62,0.63,0.63,0.62,0.45,0.42,0.99,"",-4,-2.1,-39,-2.3,-16,-0.9,-21,-1.2,812925,4.5,-82713,-3.5,10317,17.2,49,6
"2035",39000,5,"45439",57,0,2017,2,"",190,2544,2547,2621,29404983,4313561,151825,880,"",0.59,1.18,1.15,1.18,1.2,0.87,1.26,1.02,"",-8,-4,-55,-2.1,-37,-1.4,-51,-1.9,-628374,-2.1,-72600,-1.7,32680,27.4,-2,-0.2
"2036",39000,5,"454390",58,0,2017,2,"",190,2544,2547,2621,29404983,4313561,151825,880,"",0.59,1.18,1.15,1.18,1.2,0.87,1.26,1.02,"",-8,-4,-55,-2.1,-37,-1.4,-51,-1.9,-628374,-2.1,-72600,-1.7,32680,27.4,-2,-0.2
"2037",39000,5,"48-49",54,0,2017,2,"",8487,182836,184509,184678,2217947343,339847076,10012191,927,"",1.16,1.02,1.01,1.01,1.08,0.96,0.97,1.06,"",254,3.1,2246,1.2,2260,1.2,2546,1.4,72546361,3.4,-15304738,-4.3,1319211,15.2,19,2.1
"2038",39000,5,"481",55,0,2017,2,"",147,10292,10289,10261,235327716,6258389,155482,1761,"",0.84,0.56,0.56,0.56,0.69,0.23,0.38,1.24,"",-8,-5.2,77,0.8,-9,-0.1,-23,-0.2,-16398295,-6.5,-585949,-8.6,-2958,-1.9,-125,-6.6
"2039",39000,5,"4811",56,0,2017,2,"",50,4188,4208,4162,63118834,3964323,95916,1160,"",0.67,0.25,0.25,0.25,0.2,0.16,0.28,0.81,"",-6,-10.7,5,0.1,37,0.9,18,0.4,3706158,6.2,-521616,-11.6,-255,-0.3,63,5.7
"2040",39000,5,"48111",57,0,2017,2,"",50,4188,4208,4162,63118834,3964323,95916,1160,"",0.67,0.25,0.25,0.25,0.2,0.16,0.28,0.81,"",-6,-10.7,5,0.1,37,0.9,18,0.4,3706158,6.2,-521616,-11.6,-255,-0.3,63,5.7
"2041",39000,5,"481111",58,0,2017,2,"",35,4117,4136,4085,61634003,3921640,94492,1153,"",0.63,0.25,0.25,0.25,0.2,0.17,0.3,0.8,"",-5,-12.5,29,0.7,55,1.3,30,0.7,3852078,6.7,-415239,-9.6,3130,3.4,62,5.7
"2042",39000,5,"481112",58,0,2017,2,"",15,71,72,77,1484831,42683,1424,1558,"",0.77,0.16,0.16,0.17,0.25,0.04,0.06,1.56,"",-1,-6.2,-24,-25.3,-18,-20,-12,-13.5,-145920,-8.9,-106377,-71.4,-3385,-70.4,185,13.5
"2043",39000,5,"4812",56,0,2017,2,"",97,6104,6081,6099,172208882,2294066,59566,2174,"",0.97,3.8,3.74,3.72,5.84,0.97,0.91,1.56,"",-2,-2,72,1.2,-46,-0.8,-41,-0.7,-20104453,-10.5,-64333,-2.7,-2703,-4.3,-251,-10.4
"2044",39000,5,"48121",57,0,2017,2,"",97,6104,6081,6099,172208882,2294066,59566,2174,"",0.97,3.8,3.74,3.72,5.84,0.97,0.91,1.56,"",-2,-2,72,1.2,-46,-0.8,-41,-0.7,-20104453,-10.5,-64333,-2.7,-2703,-4.3,-251,-10.4
"2045",39000,5,"481211",58,0,2017,2,"",69,5912,5893,5914,169396039,2074554,54123,2206,"",1.04,5.37,5.26,5.22,7.97,1.37,1.35,1.51,"",-4,-5.5,66,1.1,-45,-0.8,-40,-0.7,-20121853,-10.6,-53006,-2.5,328,0.6,-260,-10.5
"2046",39000,5,"481212",58,0,2017,2,"",14,144,143,138,1847898,159448,4291,1003,"",0.89,0.46,0.45,0.44,0.35,0.3,0.24,0.79,"",4,40,12,9.1,9,6.7,8,6.2,175083,10.5,-9830,-5.8,-1999,-31.8,28,2.9
"2047",39000,5,"481219",58,0,2017,2,"",14,48,45,47,964945,60064,1152,1591,"",0.78,0.25,0.24,0.24,0.32,0.19,0.16,1.33,"",-2,-12.5,-6,-11.1,-10,-18.2,-9,-16.1,-157683,-14,-1497,-2.4,-1032,-47.3,21,1.3
"2048",39000,5,"482",55,0,2017,2,"",4,15,17,19,162340,35564,1028,735,"",1.31,0.82,0.91,0.98,0.8,0.9,0.73,0.89,"N",0,0,0,0,0,0,0,0,0,0,0,0,0,0,0,0
"2049",39000,5,"4821",56,0,2017,2,"",4,15,17,19,162340,35564,1028,735,"",1.31,0.82,0.91,0.98,0.8,0.9,0.73,0.89,"N",0,0,0,0,0,0,0,0,0,0,0,0,0,0,0,0
"2050",39000,5,"48211",57,0,2017,2,"",4,15,17,19,162340,35564,1028,735,"",1.31,0.82,0.91,0.98,0.8,0.9,0.73,0.89,"N",0,0,0,0,0,0,0,0,0,0,0,0,0,0,0,0
"2051",39000,5,"482111",58,0,2017,2,"N",2,0,0,0,0,0,0,0,"N",1.12,0,0,0,0,0,0,0,"N",0,0,0,0,0,0,0,0,0,0,0,0,0,0,0,0
"2052",39000,5,"482112",58,0,2017,2,"N",2,0,0,0,0,0,0,0,"N",1.58,0,0,0,0,0,0,0,"N",0,0,0,0,0,0,0,0,0,0,0,0,0,0,0,0
"2053",39000,5,"483",55,0,2017,2,"",48,603,727,818,12598163,1345682,104888,1353,"",0.77,0.25,0.3,0.33,0.29,0.29,0.57,0.98,"",1,2.1,17,2.9,40,5.8,7,0.9,1477560,13.3,-102494,-7.1,10622,11.3,122,9.9
"2054",39000,5,"4831",56,0,2017,2,"",29,385,507,594,8884586,1026284,95188,1380,"",0.74,0.27,0.35,0.4,0.32,0.29,0.68,0.93,"",-1,-3.3,25,6.9,50,10.9,-3,-0.5,1324980,17.5,22241,2.2,11874,14.3,146,11.8
"2055",39000,5,"48311",57,0,2017,2,"",29,385,507,594,8884586,1026284,95188,1380,"",0.74,0.27,0.35,0.4,0.32,0.29,0.68,0.93,"",-1,-3.3,25,6.9,50,10.9,-3,-0.5,1324980,17.5,22241,2.2,11874,14.3,146,11.8
"2056",39000,5,"483111",58,0,2017,2,"",10,18,18,17,352799,7618,69,1536,"",0.6,0.04,0.04,0.04,0.04,0.01,0,0.84,"",0,0,-4,-18.2,-4,-18.2,-4,-19,-140409,-28.5,6650,687,66,2200,-215,-12.3
"2057",39000,5,"483112",58,0,2017,2,"N",3,0,0,0,0,0,0,0,"N",0.75,0,0,0,0,0,0,0,"N",-2,-40,0,0,0,0,0,0,0,0,0,0,0,0,0,0
"2058",39000,5,"483113",58,0,2017,2,"N",7,0,0,0,0,0,0,0,"N",0.54,0,0,0,0,0,0,0,"N",0,0,0,0,0,0,0,0,0,0,0,0,0,0,0,0
"2059",39000,5,"483114",58,0,2017,2,"",9,91,212,308,1443412,636483,59669,545,"",1.68,0.33,0.7,0.94,0.35,0.93,2,0.52,"",1,12.5,-8,-8.1,21,11,7,2.3,30868,2.2,10924,1.7,5246,9.6,-7,-1.3
"2060",39000,5,"4832",56,0,2017,2,"",19,218,220,224,3713577,319398,9700,1295,"",0.82,0.23,0.23,0.23,0.24,0.29,0.22,1.06,"",2,11.8,-8,-3.5,-10,-4.3,10,4.7,152580,4.3,-124735,-28.1,-1252,-11.4,68,5.5
"2061",39000,5,"48321",57,0,2017,2,"",19,218,220,224,3713577,319398,9700,1295,"",0.82,0.23,0.23,0.23,0.24,0.29,0.22,1.06,"",2,11.8,-8,-3.5,-10,-4.3,10,4.7,152580,4.3,-124735,-28.1,-1252,-11.4,68,5.5
"2062",39000,5,"483211",58,0,2017,2,"",19,218,220,224,3713577,319398,9700,1295,"",1.2,0.27,0.27,0.28,0.27,0.46,0.41,0.99,"",2,11.8,-8,-3.5,-10,-4.3,10,4.7,152580,4.3,-124735,-28.1,-1252,-11.4,68,5.5
"2063",39000,5,"484",55,0,2017,2,"",5067,70876,71949,72657,889552527,117812417,4420840,953,"",1.32,1.32,1.33,1.33,1.48,1.02,1.4,1.12,"",225,4.6,425,0.6,487,0.7,1046,1.5,29108139,3.4,-5164466,-4.2,638780,16.9,23,2.5
"2064",39000,5,"4841",56,0,2017,2,"",3364,52967,53391,53759,665534252,77470106,2356117,959,"",1.41,1.44,1.43,1.44,1.59,1.02,1.35,1.11,"",170,5.3,-399,-0.7,-457,-0.8,49,0.1,4281072,0.6,-7357808,-8.7,254946,12.1,11,1.2
"2065",39000,5,"48411",57,0,2017,2,"",1394,12840,13097,13323,146802977,23961123,878691,863,"",1.37,1.39,1.4,1.41,1.5,1.19,1.4,1.07,"",8,0.6,0,0,-151,-1.1,99,0.7,4061469,2.8,-1895783,-7.3,79649,10,25,3
"2066",39000,5,"484110",58,0,2017,2,"",1394,12840,13097,13323,146802977,23961123,878691,863,"",1.37,1.39,1.4,1.41,1.5,1.19,1.4,1.07,"",8,0.6,0,0,-151,-1.1,99,0.7,4061469,2.8,-1895783,-7.3,79649,10,25,3
"2067",39000,5,"48412",57,0,2017,2,"",1970,40127,40294,40436,518731275,53508983,1477426,990,"",1.43,1.45,1.45,1.45,1.62,0.96,1.32,1.12,"",162,9,-399,-1,-306,-0.8,-50,-0.1,219603,0,-5462025,-9.3,175297,13.5,6,0.6
"2068",39000,5,"484121",58,0,2017,2,"",1689,24228,24242,24281,291584709,37338727,1076385,925,"",1.52,1.31,1.3,1.3,1.45,0.93,1.38,1.11,"",177,11.7,-786,-3.1,-843,-3.4,-667,-2.7,-385775,-0.1,-4777857,-11.3,126663,13.3,27,3
"2069",39000,5,"484122",58,0,2017,2,"",281,15899,16052,16155,227146566,16170256,401041,1090,"",1.08,1.74,1.74,1.75,1.93,1.02,1.18,1.11,"",-15,-5.1,387,2.5,537,3.5,617,4,605378,0.3,-684168,-4.1,48634,13.8,-33,-2.9
"2070",39000,5,"4842",56,0,2017,2,"",1703,17909,18558,18898,224018275,40342311,2064723,934,"",1.18,1.08,1.09,1.08,1.22,1.03,1.47,1.12,"",55,3.3,824,4.8,944,5.4,997,5.6,24827067,12.5,2193342,5.7,383834,22.8,60,6.9
"2071",39000,5,"48421",57,0,2017,2,"",243,3061,3257,3480,29750315,7868354,214380,701,"",1,0.86,0.86,0.86,0.94,0.93,0.82,1.1,"",6,2.5,51,1.7,71,2.2,84,2.5,1687149,6,-461776,-5.5,17648,9,26,3.9
"2072",39000,5,"484210",58,0,2017,2,"",243,3061,3257,3480,29750315,7868354,214380,701,"",1,0.86,0.86,0.86,0.94,0.93,0.82,1.1,"",6,2.5,51,1.7,71,2.2,84,2.5,1687149,6,-461776,-5.5,17648,9,26,3.9
"2073",39000,5,"48422",57,0,2017,2,"",1125,8401,8842,9003,99509926,22085159,1378996,875,"",1.29,1.04,1.07,1.08,1.09,1.08,1.54,1.02,"",58,5.4,284,3.5,426,5.1,466,5.5,8792831,9.7,554025,2.6,163683,13.5,40,4.8
"2074",39000,5,"484220",58,0,2017,2,"",1125,8401,8842,9003,99509926,22085159,1378996,875,"",1.29,1.04,1.07,1.08,1.09,1.08,1.54,1.02,"",58,5.4,284,3.5,426,5.1,466,5.5,8792831,9.7,554025,2.6,163683,13.5,40,4.8
"2075",39000,5,"48423",57,0,2017,2,"",335,6447,6459,6415,94758034,10388798,471347,1132,"",1.03,1.29,1.29,1.27,1.55,0.99,1.96,1.2,"",-9,-2.6,489,8.2,447,7.4,447,7.5,14347087,17.8,2101093,25.4,202503,75.3,98,9.5
"2076",39000,5,"484230",58,0,2017,2,"",335,6447,6459,6415,94758034,10388798,471347,1132,"",1.03,1.29,1.29,1.27,1.55,0.99,1.96,1.2,"",-9,-2.6,489,8.2,447,7.4,447,7.5,14347087,17.8,2101093,25.4,202503,75.3,98,9.5
"2077",39000,5,"485",55,0,2017,2,"",449,10890,11053,10051,64255878,28464915,1210044,463,"",0.72,0.6,0.59,0.58,0.5,0.74,0.55,0.85,"",-11,-2.4,85,0.8,222,2,15,0.1,4394498,7.3,-1188022,-4,57239,5,27,6.2
"2078",39000,5,"4851",56,0,2017,2,"",6,60,63,71,654873,150692,4806,779,"",0.26,0.03,0.03,0.04,0.03,0.05,0.05,0.96,"",-2,-25,-5,-7.7,-9,-12.5,-3,-4.1,59290,10,4204,2.9,2145,80.6,128,19.7
"2079",39000,5,"48511",57,0,2017,2,"",6,60,63,71,654873,150692,4806,779,"",0.26,0.03,0.03,0.04,0.03,0.05,0.05,0.96,"",-2,-25,-5,-7.7,-9,-12.5,-3,-4.1,59290,10,4204,2.9,2145,80.6,128,19.7
"2080",39000,5,"485111",58,0,2017,2,"N",1,0,0,0,0,0,0,0,"N",0.28,0,0,0,0,0,0,0,"N",0,0,0,0,0,0,0,0,0,0,0,0,0,0,0,0
"2081",39000,5,"485113",58,0,2017,2,"N",5,0,0,0,0,0,0,0,"N",0.28,0,0,0,0,0,0,0,"N",-2,-28.6,0,0,0,0,0,0,0,0,0,0,0,0,0,0
"2082",39000,5,"4852",56,0,2017,2,"",7,503,510,372,3318421,1227873,31205,553,"",0.45,0.71,0.71,0.52,0.5,0.77,0.74,0.78,"",-2,-22.2,166,49.3,184,56.4,85,29.6,895140,36.9,464703,60.9,16463,111.7,-36,-6.1
"2083",39000,5,"48521",57,0,2017,2,"",7,503,510,372,3318421,1227873,31205,553,"",0.45,0.71,0.71,0.52,0.5,0.77,0.74,0.78,"",-2,-22.2,166,49.3,184,56.4,85,29.6,895140,36.9,464703,60.9,16463,111.7,-36,-6.1
"2084",39000,5,"485210",58,0,2017,2,"",7,503,510,372,3318421,1227873,31205,553,"",0.45,0.71,0.71,0.52,0.5,0.77,0.74,0.78,"",-2,-22.2,166,49.3,184,56.4,85,29.6,895140,36.9,464703,60.9,16463,111.7,-36,-6.1
"2085",39000,5,"4853",56,0,2017,2,"",130,1433,1553,1518,7633964,3793821,88665,391,"",0.53,0.49,0.52,0.51,0.33,0.59,0.45,0.64,"",-10,-7.1,-125,-8,-61,-3.8,-84,-5.2,-558717,-6.8,-638085,-14.4,-7539,-7.8,-5,-1.3
"2086",39000,5,"48531",57,0,2017,2,"",60,623,651,625,2921822,1538895,40615,355,"",0.63,0.45,0.47,0.45,0.23,0.5,0.45,0.51,"",-5,-7.7,-61,-8.9,-33,-4.8,-44,-6.6,-291627,-9.1,-510744,-24.9,-1153,-2.8,-9,-2.5
"2087",39000,5,"485310",58,0,2017,2,"",60,623,651,625,2921822,1538895,40615,355,"",0.63,0.45,0.47,0.45,0.23,0.5,0.45,0.51,"",-5,-7.7,-61,-8.9,-33,-4.8,-44,-6.6,-291627,-9.1,-510744,-24.9,-1153,-2.8,-9,-2.5
"2088",39000,5,"48532",57,0,2017,2,"",70,810,902,893,4712142,2254926,48050,417,"",0.46,0.52,0.57,0.57,0.44,0.68,0.44,0.79,"",-5,-6.7,-64,-7.3,-28,-3,-40,-4.3,-267090,-5.4,-127341,-5.3,-6386,-11.7,-3,-0.7
"2089",39000,5,"485320",58,0,2017,2,"",70,810,902,893,4712142,2254926,48050,417,"",0.46,0.52,0.57,0.57,0.44,0.68,0.44,0.79,"",-5,-6.7,-64,-7.3,-28,-3,-40,-4.3,-267090,-5.4,-127341,-5.3,-6386,-11.7,-3,-0.7
"2090",39000,5,"4854",56,0,2017,2,"",77,4709,4729,3976,27123034,12326826,773356,467,"",0.59,0.61,0.59,0.58,0.61,0.71,0.52,1.02,"",1,1.3,-139,-2.9,-147,-3,-169,-4.1,1399784,5.4,-842721,-6.4,-26006,-3.3,39,9.1
"2091",39000,5,"48541",57,0,2017,2,"",77,4709,4729,3976,27123034,12326826,773356,467,"",0.59,0.61,0.59,0.58,0.61,0.71,0.52,1.02,"",1,1.3,-139,-2.9,-147,-3,-169,-4.1,1399784,5.4,-842721,-6.4,-26006,-3.3,39,9.1
"2092",39000,5,"485410",58,0,2017,2,"",77,4709,4729,3976,27123034,12326826,773356,467,"",0.59,0.61,0.59,0.58,0.61,0.71,0.52,1.02,"",1,1.3,-139,-2.9,-147,-3,-169,-4.1,1399784,5.4,-842721,-6.4,-26006,-3.3,39,9.1
"2093",39000,5,"4855",56,0,2017,2,"",34,893,900,885,6495075,2061750,51180,560,"",0.8,0.81,0.8,0.8,0.74,0.83,0.59,0.93,"",-4,-10.5,-61,-6.4,-31,-3.3,-16,-1.8,-307778,-4.5,-670631,-24.5,2857,5.9,-3,-0.5
"2094",39000,5,"48551",57,0,2017,2,"",34,893,900,885,6495075,2061750,51180,560,"",0.8,0.81,0.8,0.8,0.74,0.83,0.59,0.93,"",-4,-10.5,-61,-6.4,-31,-3.3,-16,-1.8,-307778,-4.5,-670631,-24.5,2857,5.9,-3,-0.5
"2095",39000,5,"485510",58,0,2017,2,"",34,893,900,885,6495075,2061750,51180,560,"",0.8,0.81,0.8,0.8,0.74,0.83,0.59,0.93,"",-4,-10.5,-61,-6.4,-31,-3.3,-16,-1.8,-307778,-4.5,-670631,-24.5,2857,5.9,-3,-0.5
"2096",39000,5,"4859",56,0,2017,2,"",195,3292,3298,3229,19030511,8903953,260832,447,"",1.2,0.83,0.83,0.82,0.73,1.16,0.92,0.89,"",6,3.2,249,8.2,286,9.5,202,6.7,2906779,18,494508,5.9,69319,36.2,37,9
"2097",39000,5,"48599",57,0,2017,2,"",195,3292,3298,3229,19030511,8903953,260832,447,"",1.2,0.83,0.83,0.82,0.73,1.16,0.92,0.89,"",6,3.2,249,8.2,286,9.5,202,6.7,2906779,18,494508,5.9,69319,36.2,37,9
"2098",39000,5,"485991",58,0,2017,2,"",164,2770,2807,2773,16142033,7384052,210031,446,"",1.71,1.03,1.03,1.03,0.9,1.46,1.09,0.88,"",8,5.1,201,7.8,265,10.4,210,8.2,2487571,18.2,375270,5.4,53463,34.1,35,8.5
"2099",39000,5,"485999",58,0,2017,2,"",31,522,491,456,2888478,1519901,50801,454,"",0.47,0.42,0.39,0.37,0.36,0.59,0.55,0.92,"",-2,-6.1,48,10.1,21,4.5,-8,-1.7,419208,17,119238,8.5,15856,45.4,49,12.1
"2100",39000,5,"486",55,0,2017,2,"",121,1984,1983,1966,68415918,2720500,48520,2661,"",1.37,1.08,1.07,1.06,1.49,2.02,1.68,1.39,"",-5,-4,79,4.1,66,3.4,45,2.3,24969956,57.5,1969842,262.4,34881,255.7,915,52.4
"2101",39000,5,"4861",56,0,2017,2,"N",27,0,0,0,0,0,0,0,"N",1.88,0,0,0,0,0,0,0,"N",-1,-3.6,0,0,0,0,0,0,0,0,0,0,0,0,0,0
"2102",39000,5,"48611",57,0,2017,2,"N",27,0,0,0,0,0,0,0,"N",1.88,0,0,0,0,0,0,0,"N",-1,-3.6,0,0,0,0,0,0,0,0,0,0,0,0,0,0
"2103",39000,5,"486110",58,0,2017,2,"N",27,0,0,0,0,0,0,0,"N",1.88,0,0,0,0,0,0,0,"N",-1,-3.6,0,0,0,0,0,0,0,0,0,0,0,0,0,0
"2104",39000,5,"4862",56,0,2017,2,"",47,544,540,520,12169409,2111536,37299,1751,"",0.86,0.51,0.5,0.48,0.45,2.61,2.22,0.9,"",-1,-2.1,60,12.4,55,11.3,31,6.3,2501221,25.9,1993708,1692,33823,973,221,14.4
"2105",39000,5,"48621",57,0,2017,2,"",47,544,540,520,12169409,2111536,37299,1751,"",0.86,0.51,0.5,0.48,0.45,2.61,2.22,0.9,"",-1,-2.1,60,12.4,55,11.3,31,6.3,2501221,25.9,1993708,1692,33823,973,221,14.4
"2106",39000,5,"486210",58,0,2017,2,"",47,544,540,520,12169409,2111536,37299,1751,"",0.86,0.51,0.5,0.48,0.45,2.61,2.22,0.9,"",-1,-2.1,60,12.4,55,11.3,31,6.3,2501221,25.9,1993708,1692,33823,973,221,14.4
"2107",39000,5,"4869",56,0,2017,2,"N",47,0,0,0,0,0,0,0,"N",2.48,0,0,0,0,0,0,0,"N",-3,-6,0,0,0,0,0,0,0,0,0,0,0,0,0,0
"2108",39000,5,"48691",57,0,2017,2,"N",47,0,0,0,0,0,0,0,"N",2.7,0,0,0,0,0,0,0,"N",-3,-6,0,0,0,0,0,0,0,0,0,0,0,0,0,0
"2109",39000,5,"486910",58,0,2017,2,"N",47,0,0,0,0,0,0,0,"N",2.7,0,0,0,0,0,0,0,"N",-3,-6,0,0,0,0,0,0,0,0,0,0,0,0,0,0
"2110",39000,5,"487",55,0,2017,2,"",22,177,255,301,1163818,621420,30428,366,"",0.23,0.15,0.19,0.2,0.12,0.18,0.2,0.67,"N",0,0,0,0,0,0,0,0,0,0,0,0,0,0,0,0
"2111",39000,5,"4871",56,0,2017,2,"N",9,0,0,0,0,0,0,0,"N",0.32,0,0,0,0,0,0,0,"N",1,12.5,0,0,0,0,0,0,0,0,0,0,0,0,0,0
"2112",39000,5,"48711",57,0,2017,2,"N",9,0,0,0,0,0,0,0,"N",0.32,0,0,0,0,0,0,0,"N",1,12.5,0,0,0,0,0,0,0,0,0,0,0,0,0,0
"2113",39000,5,"487110",58,0,2017,2,"N",9,0,0,0,0,0,0,0,"N",0.32,0,0,0,0,0,0,0,"N",1,12.5,0,0,0,0,0,0,0,0,0,0,0,0,0,0
"2114",39000,5,"4872",56,0,2017,2,"",10,73,144,187,600545,397828,24241,343,"",0.17,0.13,0.22,0.24,0.14,0.24,0.31,0.68,"",-2,-16.7,-4,-5.2,-13,-8.3,-7,-3.6,-32920,-5.2,-10992,-2.7,670,2.8,1,0.3
"2115",39000,5,"48721",57,0,2017,2,"",10,73,144,187,600545,397828,24241,343,"",0.17,0.13,0.22,0.24,0.14,0.24,0.31,0.68,"",-2,-16.7,-4,-5.2,-13,-8.3,-7,-3.6,-32920,-5.2,-10992,-2.7,670,2.8,1,0.3
"2116",39000,5,"487210",58,0,2017,2,"",10,73,144,187,600545,397828,24241,343,"",0.17,0.13,0.22,0.24,0.14,0.24,0.31,0.68,"",-2,-16.7,-4,-5.2,-13,-8.3,-7,-3.6,-32920,-5.2,-10992,-2.7,670,2.8,1,0.3
"2117",39000,5,"4879",56,0,2017,2,"N",3,0,0,0,0,0,0,0,"N",0.38,0,0,0,0,0,0,0,"N",1,50,0,0,0,0,0,0,0,0,0,0,0,0,0,0
"2118",39000,5,"48799",57,0,2017,2,"N",3,0,0,0,0,0,0,0,"N",0.38,0,0,0,0,0,0,0,"N",1,50,0,0,0,0,0,0,0,0,0,0,0,0,0,0
"2119",39000,5,"487990",58,0,2017,2,"N",3,0,0,0,0,0,0,0,"N",0.38,0,0,0,0,0,0,0,"N",1,50,0,0,0,0,0,0,0,0,0,0,0,0,0,0
"2120",39000,5,"488",55,0,2017,2,"",1288,20044,20085,19957,236583634,33551776,956516,909,"",0.94,0.8,0.79,0.78,0.79,0.74,0.74,0.99,"",29,2.3,486,2.5,642,3.3,452,2.3,14035149,6.3,-576321,-1.7,103084,12.1,31,3.5
"2121",39000,5,"4881",56,0,2017,2,"",204,5553,5569,5271,64458567,9334097,228835,907,"",0.91,0.72,0.72,0.67,0.79,0.69,0.6,1.13,"",4,2,479,9.4,458,9,154,3,7708713,13.6,283462,3.1,59012,34.7,51,6
"2122",39000,5,"48811",57,0,2017,2,"",66,1812,1835,1558,15433832,4218071,105308,684,"",1.05,0.5,0.5,0.42,0.62,0.6,0.5,1.3,"",-1,-1.5,320,21.4,291,18.8,-41,-2.6,3481006,29.1,351974,9.1,33280,46.2,89,15
"2123",39000,5,"488111",58,0,2017,2,"N",2,0,0,0,0,0,0,0,"N",0.29,0,0,0,0,0,0,0,"N",-2,-50,0,0,0,0,0,0,0,0,0,0,0,0,0,0
"2124",39000,5,"488119",58,0,2017,2,"N",64,0,0,0,0,0,0,0,"N",1.14,0,0,0,0,0,0,0,"N",1,1.6,0,0,0,0,0,0,0,0,0,0,0,0,0,0
"2125",39000,5,"48819",57,0,2017,2,"",138,3741,3734,3713,49024735,5116026,123527,1011,"",0.85,0.91,0.91,0.89,0.87,0.79,0.73,0.96,"",5,3.8,159,4.4,167,4.7,195,5.5,4227707,9.4,-68512,-1.3,25732,26.3,42,4.3
"2126",39000,5,"488190",58,0,2017,2,"",138,3741,3734,3713,49024735,5116026,123527,1011,"",0.85,0.91,0.91,0.89,0.87,0.79,0.73,0.96,"",5,3.8,159,4.4,167,4.7,195,5.5,4227707,9.4,-68512,-1.3,25732,26.3,42,4.3
"2127",39000,5,"4882",56,0,2017,2,"",66,1482,1478,1483,18214953,2630020,95143,946,"",1.32,1.22,1.21,1.21,1.31,1.1,1.01,1.08,"",2,3.1,211,16.6,241,19.5,226,18,3691866,25.4,368658,16.3,6465,7.3,56,6.3
"2128",39000,5,"48821",57,0,2017,2,"",66,1482,1478,1483,18214953,2630020,95143,946,"",1.32,1.22,1.21,1.21,1.31,1.1,1.01,1.08,"",2,3.1,211,16.6,241,19.5,226,18,3691866,25.4,368658,16.3,6465,7.3,56,6.3
"2129",39000,5,"488210",58,0,2017,2,"",66,1482,1478,1483,18214953,2630020,95143,946,"",1.32,1.22,1.21,1.21,1.31,1.1,1.01,1.08,"",2,3.1,211,16.6,241,19.5,226,18,3691866,25.4,368658,16.3,6465,7.3,56,6.3
"2130",39000,5,"4883",56,0,2017,2,"",39,847,848,878,10785797,1373498,79872,967,"",0.46,0.25,0.25,0.26,0.2,0.25,0.52,0.8,"",3,8.3,-35,-4,-35,-4,35,4.2,628283,6.2,32258,2.4,15165,23.4,68,7.6
"2131",39000,5,"48831",57,0,2017,2,"N",3,0,0,0,0,0,0,0,"N",0.32,0,0,0,0,0,0,0,"N",0,0,0,0,0,0,0,0,0,0,0,0,0,0,0,0
"2132",39000,5,"488310",58,0,2017,2,"N",3,0,0,0,0,0,0,0,"N",0.32,0,0,0,0,0,0,0,"N",0,0,0,0,0,0,0,0,0,0,0,0,0,0,0,0
"2133",39000,5,"48832",57,0,2017,2,"",17,308,311,319,4068893,674404,53045,1001,"",0.72,0.13,0.14,0.14,0.11,0.18,0.59,0.82,"",3,21.4,13,4.4,21,7.2,42,15.2,923300,29.4,77407,13,14676,38.2,159,18.9
"2134",39000,5,"488320",58,0,2017,2,"",17,308,311,319,4068893,674404,53045,1001,"",0.72,0.13,0.14,0.14,0.11,0.18,0.59,0.82,"",3,21.4,13,4.4,21,7.2,42,15.2,923300,29.4,77407,13,14676,38.2,159,18.9
"2135",39000,5,"48833",57,0,2017,2,"N",9,0,0,0,0,0,0,0,"N",0.34,0,0,0,0,0,0,0,"N",-1,-10,0,0,0,0,0,0,0,0,0,0,0,0,0,0
"2136",39000,5,"488330",58,0,2017,2,"N",9,0,0,0,0,0,0,0,"N",0.34,0,0,0,0,0,0,0,"N",-1,-10,0,0,0,0,0,0,0,0,0,0,0,0,0,0
"2137",39000,5,"48839",57,0,2017,2,"",10,346,330,338,3766279,409531,11038,857,"",0.4,1.21,1.15,1.18,0.97,1,0.81,0.82,"",1,11.1,-35,-9.2,-51,-13.4,-18,-5.1,-293012,-7.2,-16274,-3.8,611,5.9,19,2.3
"2138",39000,5,"488390",58,0,2017,2,"",10,346,330,338,3766279,409531,11038,857,"",0.4,1.21,1.15,1.18,0.97,1,0.81,0.82,"",1,11.1,-35,-9.2,-51,-13.4,-18,-5.1,-293012,-7.2,-16274,-3.8,611,5.9,19,2.3
"2139",39000,5,"4884",56,0,2017,2,"",351,3326,3313,3328,29161192,6912330,173015,675,"",0.95,0.89,0.88,0.88,0.88,0.87,0.77,1,"",10,2.9,-48,-1.4,48,1.5,56,1.7,1279912,4.6,55433,0.8,15519,9.9,26,4
"2140",39000,5,"48841",57,0,2017,2,"",296,2381,2381,2400,21076681,5111050,126555,679,"",1.07,1.02,1.01,1.02,1.07,1.07,1.02,1.05,"",4,1.4,25,1.1,54,2.3,69,3,1190824,6,213675,4.4,22283,21.4,25,3.8
"2141",39000,5,"488410",58,0,2017,2,"",296,2381,2381,2400,21076681,5111050,126555,679,"",1.07,1.02,1.01,1.02,1.07,1.07,1.02,1.05,"",4,1.4,25,1.1,54,2.3,69,3,1190824,6,213675,4.4,22283,21.4,25,3.8
"2142",39000,5,"48849",57,0,2017,2,"",55,945,932,928,8084511,1801280,46460,665,"",0.59,0.67,0.66,0.65,0.61,0.57,0.46,0.92,"",6,12.2,-73,-7.2,-6,-0.6,-13,-1.4,89088,1.1,-158242,-8.1,-6764,-12.7,28,4.4
"2143",39000,5,"488490",58,0,2017,2,"",55,945,932,928,8084511,1801280,46460,665,"",0.59,0.67,0.66,0.65,0.61,0.57,0.46,0.92,"",6,12.2,-73,-7.2,-6,-0.6,-13,-1.4,89088,1.1,-158242,-8.1,-6764,-12.7,28,4.4
"2144",39000,5,"4885",56,0,2017,2,"",520,7210,7283,7353,97598681,9519336,267726,1031,"",0.92,0.9,0.91,0.91,0.91,0.68,0.74,1,"",11,2.2,98,1.4,173,2.4,183,2.6,-207453,-0.2,-435382,-4.4,19571,7.9,-24,-2.3
"2145",39000,5,"48851",57,0,2017,2,"",520,7210,7283,7353,97598681,9519336,267726,1031,"",0.92,0.9,0.91,0.91,0.91,0.68,0.74,1,"",11,2.2,98,1.4,173,2.4,183,2.6,-207453,-0.2,-435382,-4.4,19571,7.9,-24,-2.3
"2146",39000,5,"488510",58,0,2017,2,"",520,7210,7283,7353,97598681,9519336,267726,1031,"",0.92,0.9,0.91,0.91,0.91,0.68,0.74,1,"",11,2.2,98,1.4,173,2.4,183,2.6,-207453,-0.2,-435382,-4.4,19571,7.9,-24,-2.3
"2147",39000,5,"4889",56,0,2017,2,"",108,1626,1594,1644,16364444,3782495,111925,776,"",1.42,1.37,1.35,1.37,1.4,1.85,1.61,1.03,"",-1,-0.9,-219,-11.9,-243,-13.2,-202,-10.9,933828,6.1,-880750,-18.9,-12648,-10.2,132,20.5
"2148",39000,5,"48899",57,0,2017,2,"",108,1626,1594,1644,16364444,3782495,111925,776,"",1.42,1.37,1.35,1.37,1.4,1.85,1.61,1.03,"",-1,-0.9,-219,-11.9,-243,-13.2,-202,-10.9,933828,6.1,-880750,-18.9,-12648,-10.2,132,20.5
"2149",39000,5,"488991",58,0,2017,2,"",89,1180,1145,1196,10229986,2910620,90922,670,"",2.28,1.74,1.7,1.74,1.73,2.39,2.17,1,"",-2,-2.2,-181,-13.3,-209,-15.4,-163,-12,-181638,-1.7,-828251,-22.2,-11666,-11.4,80,13.6
"2150",39000,5,"488999",58,0,2017,2,"",19,446,449,448,6134458,871875,21003,1054,"",0.52,0.88,0.88,0.87,1.06,1.06,0.75,1.21,"",1,5.6,-38,-7.9,-34,-7,-39,-8,1115466,22.2,-52499,-5.7,-982,-4.5,257,32.2
"2151",39000,5,"492",55,0,2017,2,"",570,22261,22662,23353,234310712,42454950,689136,792,"",1.08,0.96,0.96,0.98,0.98,1.08,0.97,1.01,"",6,1.1,619,2.9,669,3,1161,5.2,9659868,4.3,555995,1.3,218594,46.5,4,0.5
"2152",39000,5,"4921",56,0,2017,2,"",377,20631,21035,21724,219444169,38828896,569332,799,"",1.22,1,1,1.02,1,1.14,1.03,0.99,"",-4,-1,524,2.6,557,2.7,1057,5.1,8507730,4,448896,1.2,215744,61,4,0.5
"2153",39000,5,"49211",57,0,2017,2,"",377,20631,21035,21724,219444169,38828896,569332,799,"",1.22,1,1,1.02,1,1.14,1.03,0.99,"",-4,-1,524,2.6,557,2.7,1057,5.1,8507730,4,448896,1.2,215744,61,4,0.5
"2154",39000,5,"492110",58,0,2017,2,"",377,20631,21035,21724,219444169,38828896,569332,799,"",1.22,1,1,1.02,1,1.14,1.03,0.99,"",-4,-1,524,2.6,557,2.7,1057,5.1,8507730,4,448896,1.2,215744,61,4,0.5
"2155",39000,5,"4922",56,0,2017,2,"",193,1630,1627,1629,14866543,3626054,119804,702,"",0.89,0.65,0.64,0.63,0.75,0.69,0.77,1.17,"",10,5.5,95,6.2,112,7.4,104,6.8,1152138,8.4,107099,3,2850,2.4,10,1.4
"2156",39000,5,"49221",57,0,2017,2,"",193,1630,1627,1629,14866543,3626054,119804,702,"",0.89,0.65,0.64,0.63,0.75,0.69,0.77,1.17,"",10,5.5,95,6.2,112,7.4,104,6.8,1152138,8.4,107099,3,2850,2.4,10,1.4
"2157",39000,5,"492210",58,0,2017,2,"",193,1630,1627,1629,14866543,3626054,119804,702,"",0.89,0.65,0.64,0.63,0.75,0.69,0.77,1.17,"",10,5.5,95,6.2,112,7.4,104,6.8,1152138,8.4,107099,3,2850,2.4,10,1.4
"2158",39000,5,"493",55,0,2017,2,"",771,45694,45489,45295,475576637,106581463,2395309,804,"",1.47,1.26,1.25,1.23,1.36,1.33,1.08,1.1,"",17,2.3,424,0.9,125,0.3,-167,-0.4,5140489,1.1,-10282416,-8.8,257271,12,6,0.8
"2159",39000,5,"4931",56,0,2017,2,"",771,45694,45489,45295,475576637,106581463,2395309,804,"",1.47,1.26,1.25,1.23,1.36,1.33,1.08,1.1,"",17,2.3,424,0.9,125,0.3,-167,-0.4,5140489,1.1,-10282416,-8.8,257271,12,6,0.8
"2160",39000,5,"49311",57,0,2017,2,"",635,41248,41021,40834,427671957,99337587,2228492,802,"",1.66,1.29,1.27,1.25,1.42,1.4,1.14,1.12,"",18,2.9,137,0.3,-165,-0.4,-441,-1.1,655095,0.2,-9270259,-8.5,266310,13.6,5,0.6
"2161",39000,5,"493110",58,0,2017,2,"",635,41248,41021,40834,427671957,99337587,2228492,802,"",1.66,1.29,1.27,1.25,1.42,1.4,1.14,1.12,"",18,2.9,137,0.3,-165,-0.4,-441,-1.1,655095,0.2,-9270259,-8.5,266310,13.6,5,0.6
"2162",39000,5,"49312",57,0,2017,2,"",38,1313,1324,1308,13821066,2359207,54516,808,"",0.95,0.61,0.61,0.6,0.59,0.47,0.36,0.97,"",0,0,104,8.6,90,7.3,83,6.8,2006884,17,90290,4,11073,25.5,65,8.7
"2163",39000,5,"493120",58,0,2017,2,"",38,1313,1324,1308,13821066,2359207,54516,808,"",0.95,0.61,0.61,0.6,0.59,0.47,0.36,0.97,"",0,0,104,8.6,90,7.3,83,6.8,2006884,17,90290,4,11073,25.5,65,8.7
"2164",39000,5,"49313",57,0,2017,2,"",22,150,152,147,1544903,225529,6149,794,"",0.8,0.38,0.38,0.37,0.36,0.26,0.28,0.96,"",0,0,-85,-36.2,-82,-35,-82,-35.8,-1428642,-48,-179462,-44.3,-740,-10.7,-189,-19.2
"2165",39000,5,"493130",58,0,2017,2,"",22,150,152,147,1544903,225529,6149,794,"",0.8,0.38,0.38,0.37,0.36,0.26,0.28,0.96,"",0,0,-85,-36.2,-82,-35,-82,-35.8,-1428642,-48,-179462,-44.3,-740,-10.7,-189,-19.2
"2166",39000,5,"49319",57,0,2017,2,"",76,2983,2992,3006,32538711,4659140,106152,836,"",1.03,1.76,1.76,1.76,1.67,1.53,1.15,0.95,"",-1,-1.3,268,9.9,282,10.4,273,10,3907152,13.6,-922985,-16.5,-19372,-15.4,26,3.2
"2167",39000,5,"493190",58,0,2017,2,"",76,2983,2992,3006,32538711,4659140,106152,836,"",1.03,1.76,1.76,1.76,1.67,1.53,1.15,0.95,"",-1,-1.3,268,9.9,282,10.4,273,10,3907152,13.6,-922985,-16.5,-19372,-15.4,26,3.2
"2168",39000,5,"51",54,0,2017,2,"",4450,71594,71914,71963,1184844209,76124345,2111041,1269,"",0.91,0.69,0.69,0.69,0.52,0.46,0.43,0.76,"",164,3.8,183,0.3,187,0.3,-129,-0.2,15940572,1.4,-1852322,-2.4,268537,14.6,16,1.3
"2169",39000,5,"511",55,0,2017,2,"",1394,21932,21978,22100,392512028,23008530,614446,1372,"",1.05,0.81,0.81,0.81,0.61,0.48,0.53,0.75,"",38,2.8,-704,-3.1,-614,-2.7,-498,-2.2,-20092993,-4.9,-2282358,-9,44850,7.9,-32,-2.3
"2170",39000,5,"5111",56,0,2017,2,"",607,15393,15397,15412,236480323,16967775,461943,1181,"",0.97,1.17,1.18,1.18,1.23,0.8,0.75,1.04,"",-30,-4.7,-992,-6.1,-926,-5.7,-801,-4.9,-41497971,-14.9,-2470102,-12.7,14631,3.3,-130,-9.9
"2171",39000,5,"51111",57,0,2017,2,"",252,6595,6539,6503,71404271,10109577,262755,839,"",1.12,1.09,1.08,1.08,1.09,0.9,0.84,1.01,"",-22,-8,-683,-9.4,-655,-9.1,-594,-8.4,-11356085,-13.7,-2235642,-18.1,-19149,-6.8,-46,-5.2
"2172",39000,5,"511110",58,0,2017,2,"",252,6595,6539,6503,71404271,10109577,262755,839,"",1.12,1.09,1.08,1.08,1.09,0.9,0.84,1.01,"",-22,-8,-683,-9.4,-655,-9.1,-594,-8.4,-11356085,-13.7,-2235642,-18.1,-19149,-6.8,-46,-5.2
"2173",39000,5,"51112",57,0,2017,2,"",189,3361,3370,3385,61719978,2180877,59056,1408,"",0.85,0.96,0.97,0.97,0.92,0.5,0.43,0.95,"",-8,-4.1,-132,-3.8,-105,-3,-98,-2.8,5445787,9.7,-110199,-4.8,1983,3.5,165,13.3
"2174",39000,5,"511120",58,0,2017,2,"",189,3361,3370,3385,61719978,2180877,59056,1408,"",0.85,0.96,0.97,0.97,0.92,0.5,0.43,0.95,"",-8,-4.1,-132,-3.8,-105,-3,-98,-2.8,5445787,9.7,-110199,-4.8,1983,3.5,165,13.3
"2175",39000,5,"51113",57,0,2017,2,"",87,2300,2332,2359,39215049,1658779,36705,1294,"",0.77,1.02,1.03,1.04,0.99,0.46,0.4,0.96,"",-3,-3.3,-126,-5.2,-129,-5.2,-84,-3.4,-5397550,-12.1,-189117,-10.2,-3122,-7.8,-111,-7.9
"2176",39000,5,"511130",58,0,2017,2,"",87,2300,2332,2359,39215049,1658779,36705,1294,"",0.77,1.02,1.03,1.04,0.99,0.46,0.4,0.96,"",-3,-3.3,-126,-5.2,-129,-5.2,-84,-3.4,-5397550,-12.1,-189117,-10.2,-3122,-7.8,-111,-7.9
"2177",39000,5,"51114",57,0,2017,2,"N",49,0,0,0,0,0,0,0,"N",1.63,0,0,0,0,0,0,0,"N",1,2.1,0,0,0,0,0,0,0,0,0,0,0,0,0,0
"2178",39000,5,"511140",58,0,2017,2,"N",49,0,0,0,0,0,0,0,"N",1.63,0,0,0,0,0,0,0,"N",1,2.1,0,0,0,0,0,0,0,0,0,0,0,0,0,0
"2179",39000,5,"51119",57,0,2017,2,"N",30,0,0,0,0,0,0,0,"N",0.75,0,0,0,0,0,0,0,"N",2,7.1,0,0,0,0,0,0,0,0,0,0,0,0,0,0
"2180",39000,5,"511191",58,0,2017,2,"N",4,0,0,0,0,0,0,0,"N",1.18,0,0,0,0,0,0,0,"N",0,0,0,0,0,0,0,0,0,0,0,0,0,0,0,0
"2181",39000,5,"511199",58,0,2017,2,"",26,279,280,281,4329104,174671,3653,1189,"",0.71,0.78,0.78,0.8,0.85,0.25,0.15,1.08,"",2,8.3,-68,-19.6,-64,-18.6,-57,-16.9,-206954,-4.6,-70477,-28.7,-1780,-32.8,172,16.9
"2182",39000,5,"5112",56,0,2017,2,"",787,6539,6581,6688,156031705,6040755,152503,1818,"",1.13,0.47,0.47,0.47,0.35,0.23,0.29,0.73,"",68,9.5,288,4.6,312,5,303,4.7,21404978,15.9,187744,3.2,30219,24.7,175,10.7
"2183",39000,5,"51121",57,0,2017,2,"",787,6539,6581,6688,156031705,6040755,152503,1818,"",1.13,0.47,0.47,0.47,0.35,0.23,0.29,0.73,"",68,9.5,288,4.6,312,5,303,4.7,21404978,15.9,187744,3.2,30219,24.7,175,10.7
"2184",39000,5,"511210",58,0,2017,2,"",787,6539,6581,6688,156031705,6040755,152503,1818,"",1.13,0.47,0.47,0.47,0.35,0.23,0.29,0.73,"",68,9.5,288,4.6,312,5,303,4.7,21404978,15.9,187744,3.2,30219,24.7,175,10.7
"2185",39000,5,"512",55,0,2017,2,"",523,6664,6761,6754,35569752,14445610,364199,407,"",0.58,0.43,0.41,0.43,0.16,0.5,0.25,0.39,"",9,1.8,806,13.8,586,9.5,405,6.4,3863946,12.2,2482831,20.8,184677,102.9,9,2.3
"2186",39000,5,"5121",56,0,2017,2,"",476,6480,6580,6572,33504562,14204056,358831,394,"",0.61,0.44,0.41,0.43,0.16,0.51,0.25,0.38,"",13,2.8,804,14.2,585,9.8,406,6.6,3849549,13,2458514,20.9,184800,106.2,10,2.6
"2187",39000,5,"51211",57,0,2017,2,"",253,1788,1700,1533,16681335,4971163,198146,767,"",0.46,0.21,0.18,0.18,0.1,0.26,0.16,0.52,"",13,5.4,652,57.4,505,42.3,300,24.3,2722933,19.5,2382391,92,140944,246.4,-137,-15.2
"2188",39000,5,"512110",58,0,2017,2,"",253,1788,1700,1533,16681335,4971163,198146,767,"",0.46,0.21,0.18,0.18,0.1,0.26,0.16,0.52,"",13,5.4,652,57.4,505,42.3,300,24.3,2722933,19.5,2382391,92,140944,246.4,-137,-15.2
"2189",39000,5,"51212",57,0,2017,2,"",17,171,170,171,2032681,129151,4842,916,"",1.09,0.62,0.61,0.61,0.24,0.42,0.61,0.4,"",-1,-5.6,9,5.6,3,1.8,6,3.6,104316,5.4,-195260,-60.2,-3876,-44.5,15,1.7
"2190",39000,5,"512120",58,0,2017,2,"",17,171,170,171,2032681,129151,4842,916,"",1.09,0.62,0.61,0.61,0.24,0.42,0.61,0.4,"",-1,-5.6,9,5.6,3,1.8,6,3.6,104316,5.4,-195260,-60.2,-3876,-44.5,15,1.7
"2191",39000,5,"51213",57,0,2017,2,"",175,4424,4616,4777,13898690,8966464,153454,232,"",1.26,0.81,0.81,0.81,0.78,1.18,1.07,0.96,"",-1,-0.6,132,3.1,73,1.6,98,2.1,970255,7.5,258495,3,48586,46.3,11,5
"2192",39000,5,"512131",58,0,2017,2,"",156,4289,4415,4532,13515304,8655211,141932,236,"",1.18,0.8,0.79,0.79,0.77,1.15,1.02,0.97,"",0,0,145,3.5,71,1.6,78,1.8,950965,7.6,224635,2.7,46526,48.8,12,5.4
"2193",39000,5,"512132",58,0,2017,2,"",19,135,201,245,383386,311253,11522,152,"",2.86,1.67,2.01,2.18,1.72,2.99,2.94,0.86,"",-1,-5,-13,-8.8,2,1,20,8.9,19290,5.3,33860,12.2,2060,21.8,5,3.4
"2194",39000,5,"51219",57,0,2017,2,"",31,97,94,91,891856,137278,2389,730,"",0.38,0.13,0.12,0.13,0.06,0.16,0.07,0.5,"",2,6.9,11,12.8,4,4.4,2,2.2,52045,6.2,12888,10.4,-854,-26.3,-1,-0.1
"2195",39000,5,"512191",58,0,2017,2,"",22,65,64,63,654642,79815,1191,787,"",0.32,0.11,0.11,0.11,0.05,0.12,0.04,0.49,"",2,10,4,6.6,-1,-1.5,1,1.6,28776,4.6,-18465,-18.8,-542,-31.3,19,2.5
"2196",39000,5,"512199",58,0,2017,2,"",9,32,30,28,237214,57463,1198,608,"",0.66,0.25,0.19,0.21,0.16,0.32,0.22,0.73,"",0,0,7,28,5,20,1,3.7,23269,10.9,31353,120.1,-312,-20.7,-33,-5.1
"2197",39000,5,"5122",56,0,2017,2,"",47,184,181,182,2065190,241554,5368,871,"",0.43,0.29,0.28,0.28,0.19,0.28,0.19,0.66,"",-4,-7.8,2,1.1,1,0.6,-1,-0.5,14397,0.7,24317,11.2,-123,-2.2,3,0.3
"2198",39000,5,"51223",57,0,2017,2,"",11,76,73,71,839912,89684,1788,881,"",0.45,0.5,0.48,0.46,0.32,0.44,0.36,0.67,"",-1,-8.3,4,5.6,1,1.4,-2,-2.7,-77440,-8.4,44250,97.4,974,119.7,-95,-9.7
"2199",39000,5,"512230",58,0,2017,2,"",11,76,73,71,839912,89684,1788,881,"",0.45,0.5,0.48,0.46,0.32,0.44,0.36,0.67,"",-1,-8.3,4,5.6,1,1.4,-2,-2.7,-77440,-8.4,44250,97.4,974,119.7,-95,-9.7
"2200",39000,5,"51224",57,0,2017,2,"",26,84,83,85,882048,132715,2371,808,"",0.59,0.49,0.47,0.49,0.45,0.51,0.31,0.94,"",-4,-13.3,-2,-2.3,-2,-2.4,-6,-6.6,39840,4.7,-9820,-6.9,-668,-22,66,8.9
"2201",39000,5,"512240",58,0,2017,2,"",26,84,83,85,882048,132715,2371,808,"",0.59,0.49,0.47,0.49,0.45,0.51,0.31,0.94,"",-4,-13.3,-2,-2.3,-2,-2.4,-6,-6.6,39840,4.7,-9820,-6.9,-668,-22,66,8.9
"2202",39000,5,"51225",57,0,2017,2,"N",8,0,0,0,0,0,0,0,"N",0.31,0,0,0,0,0,0,0,"N",8,100,0,0,0,0,0,0,0,0,0,0,0,0,0,0
"2203",39000,5,"512250",58,0,2017,2,"N",8,0,0,0,0,0,0,0,"N",0.31,0,0,0,0,0,0,0,"N",8,100,0,0,0,0,0,0,0,0,0,0,0,0,0,0
"2204",39000,5,"51229",57,0,2017,2,"N",2,0,0,0,0,0,0,0,"N",0.13,0,0,0,0,0,0,0,"N",0,0,0,0,0,0,0,0,0,0,0,0,0,0,0,0
"2205",39000,5,"512290",58,0,2017,2,"N",2,0,0,0,0,0,0,0,"N",0.13,0,0,0,0,0,0,0,"N",0,0,0,0,0,0,0,0,0,0,0,0,0,0,0,0
"2206",39000,5,"515",55,0,2017,2,"",245,6155,6176,6205,86813033,7631666,184427,1081,"",0.84,0.62,0.62,0.62,0.49,0.61,0.55,0.79,"",5,2.1,-131,-2.1,-144,-2.3,-134,-2.1,-2869913,-3.2,379357,5.2,49826,37,-11,-1
"2207",39000,5,"5151",56,0,2017,2,"",231,6075,6099,6134,86170249,7404070,177902,1086,"",0.92,0.76,0.76,0.76,0.64,0.68,0.62,0.84,"",1,0.4,-149,-2.4,-157,-2.5,-143,-2.3,-3027259,-3.4,342219,4.8,48322,37.3,-11,-1
"2208",39000,5,"51511",57,0,2017,2,"",157,2851,2864,2874,34980285,3257640,81502,940,"",0.95,0.92,0.92,0.92,0.88,0.69,0.66,0.96,"",-1,-0.6,-72,-2.5,-81,-2.8,-69,-2.3,-201867,-0.6,-290291,-8.2,5897,7.8,19,2.1
"2209",39000,5,"515111",58,0,2017,2,"",38,568,565,580,7496579,583504,14453,1010,"",0.96,0.9,0.9,0.92,0.78,0.67,0.62,0.86,"",1,2.7,-16,-2.7,-25,-4.2,-12,-2,-217588,-2.8,-34877,-5.6,2759,23.6,2,0.2
"2210",39000,5,"515112",58,0,2017,2,"",119,2283,2299,2294,27483706,2674136,67049,922,"",0.95,0.92,0.93,0.92,0.91,0.69,0.66,0.99,"",-2,-1.7,-56,-2.4,-56,-2.4,-57,-2.4,15721,0.1,-255414,-8.7,3138,4.9,22,2.4
"2211",39000,5,"51512",57,0,2017,2,"",74,3224,3235,3260,51189964,4146430,96400,1215,"",0.86,0.66,0.66,0.66,0.54,0.67,0.6,0.82,"",2,2.8,-77,-2.3,-76,-2.3,-74,-2.2,-2825392,-5.2,632510,18,42425,78.6,-38,-3
"2212",39000,5,"515120",58,0,2017,2,"",74,3224,3235,3260,51189964,4146430,96400,1215,"",0.86,0.66,0.66,0.66,0.54,0.67,0.6,0.82,"",2,2.8,-77,-2.3,-76,-2.3,-74,-2.2,-2825392,-5.2,632510,18,42425,78.6,-38,-3
"2213",39000,5,"5152",56,0,2017,2,"",14,80,77,71,642784,227596,6525,651,"",0.36,0.04,0.04,0.04,0.01,0.15,0.13,0.38,"",4,40,18,29,13,20.3,9,14.5,157346,32.4,37138,19.5,1504,30,55,9.2
"2214",39000,5,"51521",57,0,2017,2,"",14,80,77,71,642784,227596,6525,651,"",0.36,0.04,0.04,0.04,0.01,0.15,0.13,0.38,"",4,40,18,29,13,20.3,9,14.5,157346,32.4,37138,19.5,1504,30,55,9.2
"2215",39000,5,"515210",58,0,2017,2,"",14,80,77,71,642784,227596,6525,651,"",0.36,0.04,0.04,0.04,0.01,0.15,0.13,0.38,"",4,40,18,29,13,20.3,9,14.5,157346,32.4,37138,19.5,1504,30,55,9.2
"2216",39000,5,"517",55,0,2017,2,"",1264,24030,24074,23890,422728511,20442673,611362,1355,"",1.19,0.83,0.83,0.82,0.8,0.46,0.56,0.97,"",54,4.5,-487,-2,-346,-1.4,-386,-1.6,26468750,6.7,-317214,-1.5,-21810,-3.4,106,8.5
"2217",39000,5,"5173",56,0,2017,2,"",967,21147,21168,20999,358838147,17616005,503358,1308,"",1.18,0.82,0.82,0.81,0.79,0.45,0.54,0.96,"N",967,100,0,0,0,0,0,0,0,0,0,0,0,0,0,0
"2218",39000,5,"51731",57,0,2017,2,"",967,21147,21168,20999,358838147,17616005,503358,1308,"",1.18,0.82,0.82,0.81,0.79,0.45,0.54,0.96,"N",967,100,0,0,0,0,0,0,0,0,0,0,0,0,0,0
"2219",39000,5,"517311",58,0,2017,2,"",749,19570,19599,19412,337799293,14827791,402972,1331,"",1.25,0.92,0.92,0.91,0.89,0.48,0.56,0.97,"N",749,100,0,0,0,0,0,0,0,0,0,0,0,0,0,0
"2220",39000,5,"517312",58,0,2017,2,"",218,1577,1569,1587,21038854,2788214,100386,1026,"",0.99,0.36,0.36,0.36,0.28,0.36,0.47,0.77,"N",218,100,0,0,0,0,0,0,0,0,0,0,0,0,0,0
"2221",39000,5,"5174",56,0,2017,2,"",20,78,79,82,1903260,127633,5637,1838,"",0.91,0.25,0.25,0.26,0.28,0.29,0.53,1.09,"",0,0,23,41.8,23,41.1,27,49.1,318036,20.1,67850,113.5,4131,274.3,-366,-16.6
"2222",39000,5,"51741",57,0,2017,2,"",20,78,79,82,1903260,127633,5637,1838,"",0.91,0.25,0.25,0.26,0.28,0.29,0.53,1.09,"",0,0,23,41.8,23,41.1,27,49.1,318036,20.1,67850,113.5,4131,274.3,-366,-16.6
"2223",39000,5,"517410",58,0,2017,2,"",20,78,79,82,1903260,127633,5637,1838,"",0.91,0.25,0.25,0.26,0.28,0.29,0.53,1.09,"",0,0,23,41.8,23,41.1,27,49.1,318036,20.1,67850,113.5,4131,274.3,-366,-16.6
"2224",39000,5,"5179",56,0,2017,2,"",277,2805,2827,2809,61987104,2699035,102367,1695,"",1.26,0.94,0.95,0.94,0.98,0.58,0.7,1.04,"",43,18.4,164,6.2,200,7.6,196,7.5,15225724,32.6,-308849,-10.3,3481,3.5,326,23.8
"2225",39000,5,"51791",57,0,2017,2,"",277,2805,2827,2809,61987104,2699035,102367,1695,"",1.26,0.94,0.95,0.94,0.98,0.58,0.7,1.04,"",43,18.4,164,6.2,200,7.6,196,7.5,15225724,32.6,-308849,-10.3,3481,3.5,326,23.8
"2226",39000,5,"517911",58,0,2017,2,"",186,1796,1828,1822,37602205,2083063,75469,1593,"",1.35,0.93,0.94,0.94,1.06,0.62,0.77,1.13,"",28,17.7,-176,-8.9,-145,-7.3,-140,-7.1,2986216,8.6,-431805,-17.2,-12058,-13.8,241,17.8
"2227",39000,5,"517919",58,0,2017,2,"",91,1009,999,987,24384899,615972,26898,1879,"",1.11,0.95,0.95,0.93,0.87,0.47,0.56,0.92,"",15,19.7,340,50.8,345,52.8,336,51.6,12239508,100.8,122956,24.9,15539,136.8,459,32.3
"2228",39000,5,"518",55,0,2017,2,"",531,7149,7182,7274,131157099,6984110,215117,1401,"",0.84,0.61,0.61,0.62,0.47,0.38,0.43,0.76,"",44,9,767,12,741,11.5,511,7.6,15544994,13.4,-1957016,-21.9,-15506,-6.7,39,2.9
"2229",39000,5,"5182",56,0,2017,2,"",531,7149,7182,7274,131157099,6984110,215117,1401,"",0.84,0.61,0.61,0.62,0.47,0.38,0.43,0.76,"",44,9,767,12,741,11.5,511,7.6,15544994,13.4,-1957016,-21.9,-15506,-6.7,39,2.9
"2230",39000,5,"51821",57,0,2017,2,"",531,7149,7182,7274,131157099,6984110,215117,1401,"",0.84,0.61,0.61,0.62,0.47,0.38,0.43,0.76,"",44,9,767,12,741,11.5,511,7.6,15544994,13.4,-1957016,-21.9,-15506,-6.7,39,2.9
"2231",39000,5,"518210",58,0,2017,2,"",531,7149,7182,7274,131157099,6984110,215117,1401,"",0.84,0.61,0.61,0.62,0.47,0.38,0.43,0.76,"",44,9,767,12,741,11.5,511,7.6,15544994,13.4,-1957016,-21.9,-15506,-6.7,39,2.9
"2232",39000,5,"519",55,0,2017,2,"",493,5664,5743,5740,116063786,3611756,121490,1562,"",0.73,0.55,0.55,0.54,0.27,0.27,0.34,0.49,"",14,2.9,-68,-1.2,-36,-0.6,-27,-0.5,-6974212,-5.7,-157922,-4.2,26500,27.9,-81,-4.9
"2233",39000,5,"5191",56,0,2017,2,"",493,5664,5743,5740,116063786,3611756,121490,1562,"",0.73,0.55,0.55,0.54,0.27,0.27,0.34,0.49,"",14,2.9,-68,-1.2,-36,-0.6,-27,-0.5,-6974212,-5.7,-157922,-4.2,26500,27.9,-81,-4.9
"2234",39000,5,"51911",57,0,2017,2,"",18,247,244,240,4175641,88145,2107,1318,"",0.86,0.55,0.54,0.54,0.38,0.18,0.19,0.7,"",-2,-10,-6,-2.4,-10,-3.9,-13,-5.1,-316424,-7,3851,4.6,453,27.4,-46,-3.4
"2235",39000,5,"519110",58,0,2017,2,"",18,247,244,240,4175641,88145,2107,1318,"",0.86,0.55,0.54,0.54,0.38,0.18,0.19,0.7,"",-2,-10,-6,-2.4,-10,-3.9,-13,-5.1,-316424,-7,3851,4.6,453,27.4,-46,-3.4
"2236",39000,5,"51912",57,0,2017,2,"",22,170,168,172,1159477,107567,1905,525,"",0.35,0.16,0.16,0.16,0.13,0.14,0.08,0.84,"",-2,-8.3,-3,-1.7,-12,-6.7,-7,-3.9,-38004,-3.2,-5928,-5.2,479,33.6,6,1.2
"2237",39000,5,"519120",58,0,2017,2,"",22,170,168,172,1159477,107567,1905,525,"",0.35,0.16,0.16,0.16,0.13,0.14,0.08,0.84,"",-2,-8.3,-3,-1.7,-12,-6.7,-7,-3.9,-38004,-3.2,-5928,-5.2,479,33.6,6,1.2
"2238",39000,5,"51913",57,0,2017,2,"",418,4857,4940,4934,103026380,3153338,101762,1614,"",0.97,0.6,0.61,0.59,0.26,0.3,0.36,0.43,"",17,4.2,-49,-1,-4,-0.1,2,0,-6401362,-5.8,-126948,-3.9,16552,19.4,-94,-5.5
"2239",39000,5,"519130",58,0,2017,2,"",418,4857,4940,4934,103026380,3153338,101762,1614,"",0.97,0.6,0.61,0.59,0.26,0.3,0.36,0.43,"",17,4.2,-49,-1,-4,-0.1,2,0,-6401362,-5.8,-126948,-3.9,16552,19.4,-94,-5.5
"2240",39000,5,"51919",57,0,2017,2,"",35,390,391,394,7702288,262706,15716,1513,"",0.21,0.52,0.51,0.52,0.5,0.16,0.37,0.98,"",1,2.9,-10,-2.5,-10,-2.5,-9,-2.2,-218422,-2.8,-28897,-9.9,9016,134.6,-5,-0.3
"2241",39000,5,"519190",58,0,2017,2,"",35,390,391,394,7702288,262706,15716,1513,"",0.21,0.52,0.51,0.52,0.5,0.16,0.37,0.98,"",1,2.9,-10,-2.5,-10,-2.5,-9,-2.2,-218422,-2.8,-28897,-9.9,9016,134.6,-5,-0.3
"2242",39000,5,"52",54,0,2017,2,"",17424,223674,224111,225147,3862701407,212726948,5110326,1325,"",1.2,1.02,1.02,1.02,0.87,0.67,0.73,0.86,"",51,0.3,4984,2.3,5805,2.7,6472,3,150947900,4.1,-27358354,-11.4,409036,8.7,19,1.5
"2243",39000,5,"521",55,0,2017,2,"N",16,0,0,0,0,0,0,0,"N",1.59,0,0,0,0,0,0,0,"N",3,23.1,0,0,0,0,0,0,0,0,0,0,0,0,0,0
"2244",39000,5,"5211",56,0,2017,2,"N",16,0,0,0,0,0,0,0,"N",1.59,0,0,0,0,0,0,0,"N",3,23.1,0,0,0,0,0,0,0,0,0,0,0,0,0,0
"2245",39000,5,"52111",57,0,2017,2,"N",16,0,0,0,0,0,0,0,"N",1.59,0,0,0,0,0,0,0,"N",3,23.1,0,0,0,0,0,0,0,0,0,0,0,0,0,0
"2246",39000,5,"521110",58,0,2017,2,"N",16,0,0,0,0,0,0,0,"N",1.59,0,0,0,0,0,0,0,"N",3,23.1,0,0,0,0,0,0,0,0,0,0,0,0,0,0
"2247",39000,5,"522",55,0,2017,2,"",6686,95840,96037,96702,1432589803,109748701,2601164,1146,"",1.23,0.98,0.97,0.98,0.88,0.7,0.74,0.91,"",2,0,2958,3.2,3867,4.2,4403,4.8,96688634,7.2,-14337074,-11.6,133844,5.4,34,3.1
"2248",39000,5,"5221",56,0,2017,2,"",4502,59204,59267,59773,850843795,66709942,1351793,1102,"",1.39,0.93,0.93,0.93,0.87,0.63,0.65,0.94,"",-111,-2.4,891,1.5,889,1.5,1303,2.2,56987246,7.2,-8860639,-11.7,118255,9.6,56,5.4
"2249",39000,5,"52211",57,0,2017,2,"",3494,47431,47489,47887,714009509,50703270,1070278,1154,"",1.43,0.96,0.96,0.97,0.89,0.65,0.67,0.92,"",-114,-3.2,694,1.5,766,1.6,1035,2.2,54113347,8.2,-7008938,-12.1,82672,8.4,69,6.4
"2250",39000,5,"522110",58,0,2017,2,"",3494,47431,47489,47887,714009509,50703270,1070278,1154,"",1.43,0.96,0.96,0.97,0.89,0.65,0.67,0.92,"",-114,-3.2,694,1.5,766,1.6,1035,2.2,54113347,8.2,-7008938,-12.1,82672,8.4,69,6.4
"2251",39000,5,"52212",57,0,2017,2,"N",387,0,0,0,0,0,0,0,"N",1.44,0,0,0,0,0,0,0,"N",8,2.1,0,0,0,0,0,0,0,0,0,0,0,0,0,0
"2252",39000,5,"522120",58,0,2017,2,"N",387,0,0,0,0,0,0,0,"N",1.44,0,0,0,0,0,0,0,"N",8,2.1,0,0,0,0,0,0,0,0,0,0,0,0,0,0
"2253",39000,5,"52213",57,0,2017,2,"",616,7467,7456,7476,82625718,10066757,184978,851,"",1.23,0.77,0.76,0.76,0.77,0.54,0.62,1,"",-5,-0.8,168,2.3,136,1.9,162,2.2,4911718,6.3,-1179535,-10.5,44613,31.8,33,4
"2254",39000,5,"522130",58,0,2017,2,"",616,7467,7456,7476,82625718,10066757,184978,851,"",1.23,0.77,0.76,0.76,0.77,0.54,0.62,1,"",-5,-0.8,168,2.3,136,1.9,162,2.2,4911718,6.3,-1179535,-10.5,44613,31.8,33,4
"2255",39000,5,"52219",57,0,2017,2,"N",5,0,0,0,0,0,0,0,"N",0.21,0,0,0,0,0,0,0,"N",0,0,0,0,0,0,0,0,0,0,0,0,0,0,0,0
"2256",39000,5,"522190",58,0,2017,2,"N",5,0,0,0,0,0,0,0,"N",0.21,0,0,0,0,0,0,0,"N",0,0,0,0,0,0,0,0,0,0,0,0,0,0,0,0
"2257",39000,5,"5222",56,0,2017,2,"",1289,21341,21408,21582,334733513,24442180,703418,1201,"",0.9,0.93,0.92,0.93,0.78,0.69,0.74,0.84,"",-20,-1.5,640,3.1,1427,7.1,1497,7.5,3898468,1.2,-2898856,-10.6,-14699,-2,-55,-4.4
"2258",39000,5,"52221",57,0,2017,2,"",13,2257,2295,2319,34643241,3345880,69782,1164,"",0.48,0.71,0.72,0.72,0.52,1.13,1,0.73,"",-2,-13.3,120,5.6,176,8.3,156,7.2,4987027,16.8,-361182,-9.7,18024,34.8,98,9.2
"2259",39000,5,"522210",58,0,2017,2,"",13,2257,2295,2319,34643241,3345880,69782,1164,"",0.48,0.71,0.72,0.72,0.52,1.13,1,0.73,"",-2,-13.3,120,5.6,176,8.3,156,7.2,4987027,16.8,-361182,-9.7,18024,34.8,98,9.2
"2260",39000,5,"52222",57,0,2017,2,"",175,3362,3388,3431,55006539,3387647,85621,1247,"",1,0.95,0.96,0.96,0.8,0.74,0.71,0.84,"",14,8.7,123,3.8,149,4.6,177,5.4,2377595,4.5,-401402,-10.6,12967,17.8,-1,-0.1
"2261",39000,5,"522220",58,0,2017,2,"",175,3362,3388,3431,55006539,3387647,85621,1247,"",1,0.95,0.96,0.96,0.8,0.74,0.71,0.84,"",14,8.7,123,3.8,149,4.6,177,5.4,2377595,4.5,-401402,-10.6,12967,17.8,-1,-0.1
"2262",39000,5,"52229",57,0,2017,2,"",1101,15722,15725,15832,245083733,17708653,548015,1196,"",0.89,0.96,0.96,0.96,0.83,0.64,0.73,0.87,"",-32,-2.8,397,2.6,1102,7.5,1164,7.9,-3466154,-1.4,-2136272,-10.8,-45690,-7.7,-90,-7
"2263",39000,5,"522291",58,0,2017,2,"",485,2459,2472,2458,32713319,4303408,124266,1022,"",1.03,0.63,0.63,0.63,0.63,0.63,0.71,0.99,"",-25,-4.9,-69,-2.7,-40,-1.6,-39,-1.6,2858681,9.6,-1067160,-19.9,-4667,-3.6,108,11.8
"2264",39000,5,"522292",58,0,2017,2,"",401,11768,11759,11851,192099467,11355193,367317,1253,"",0.88,1.3,1.28,1.29,1.03,0.71,0.79,0.8,"",-2,-0.5,560,5,1218,11.6,1263,11.9,-5720743,-2.9,-1142456,-9.1,-54140,-12.8,-159,-11.3
"2265",39000,5,"522293",58,0,2017,2,"N",5,0,0,0,0,0,0,0,"N",0.28,0,0,0,0,0,0,0,"N",-1,-16.7,0,0,0,0,0,0,0,0,0,0,0,0,0,0
"2266",39000,5,"522294",58,0,2017,2,"N",7,0,0,0,0,0,0,0,"N",0.42,0,0,0,0,0,0,0,"N",0,0,0,0,0,0,0,0,0,0,0,0,0,0,0,0
"2267",39000,5,"522298",58,0,2017,2,"",203,1359,1358,1383,17537029,1937089,53806,987,"",0.73,0.54,0.54,0.55,0.49,0.45,0.53,0.91,"",-4,-1.9,-36,-2.6,-14,-1,2,0.1,750070,4.5,76694,4.1,13441,33.3,53,5.7
"2268",39000,5,"5223",56,0,2017,2,"",895,15295,15362,15347,247012495,18596579,545953,1239,"",1.21,1.34,1.34,1.33,1.17,1.16,1.13,0.87,"",133,17.5,1427,10.3,1551,11.2,1603,11.7,35802920,17,-2577579,-12.2,30288,5.9,62,5.3
"2269",39000,5,"52231",57,0,2017,2,"",313,1514,1527,1551,29419006,2439024,96939,1478,"",1.01,0.45,0.45,0.46,0.44,0.44,0.59,0.96,"",116,58.9,-14,-0.9,11,0.7,8,0.5,3507953,13.5,-585293,-19.4,-8121,-7.7,174,13.3
"2270",39000,5,"522310",58,0,2017,2,"",313,1514,1527,1551,29419006,2439024,96939,1478,"",1.01,0.45,0.45,0.46,0.44,0.44,0.59,0.96,"",116,58.9,-14,-0.9,11,0.7,8,0.5,3507953,13.5,-585293,-19.4,-8121,-7.7,174,13.3
"2271",39000,5,"52232",57,0,2017,2,"",157,12242,12265,12255,206097585,12456017,345148,1294,"",0.89,2.49,2.49,2.48,2.06,2.26,2.23,0.83,"",10,6.8,1678,15.9,1713,16.2,1729,16.4,33262692,19.2,-1344144,-9.7,45220,15.1,33,2.6
"2272",39000,5,"522320",58,0,2017,2,"",157,12242,12265,12255,206097585,12456017,345148,1294,"",0.89,2.49,2.49,2.48,2.06,2.26,2.23,0.83,"",10,6.8,1678,15.9,1713,16.2,1729,16.4,33262692,19.2,-1344144,-9.7,45220,15.1,33,2.6
"2273",39000,5,"52239",57,0,2017,2,"",425,1539,1570,1541,11495904,3701538,103866,571,"",1.68,0.48,0.49,0.48,0.26,0.75,0.63,0.53,"",7,1.7,-237,-13.3,-173,-9.9,-134,-8,-967725,-7.8,-648142,-14.9,-6811,-6.2,17,3.1
"2274",39000,5,"522390",58,0,2017,2,"",425,1539,1570,1541,11495904,3701538,103866,571,"",1.68,0.48,0.49,0.48,0.26,0.75,0.63,0.53,"",7,1.7,-237,-13.3,-173,-9.9,-134,-8,-967725,-7.8,-648142,-14.9,-6811,-6.2,17,3.1
"2275",39000,5,"523",55,0,2017,2,"",3566,18315,18438,18600,577108308,14903717,357030,2406,"",1.1,0.54,0.54,0.54,0.45,0.39,0.4,0.84,"",96,2.8,338,1.9,341,1.9,487,2.7,48621366,9.2,-840528,-5.3,57387,19.2,155,6.9
"2276",39000,5,"5231",56,0,2017,2,"",1557,9147,9189,9262,343291878,5289357,98318,2871,"",1.48,0.55,0.55,0.55,0.52,0.29,0.26,0.94,"",5,0.3,94,1,36,0.4,114,1.2,24745516,7.8,-611279,-10.4,12264,14.3,184,6.8
"2277",39000,5,"52311",57,0,2017,2,"",330,3371,3384,3414,157266128,1508825,30338,3569,"",1.55,0.62,0.62,0.61,0.62,0.28,0.25,1,"",2,0.6,-125,-3.6,-169,-4.8,-156,-4.4,4711073,3.1,-300762,-16.6,1954,6.9,254,7.7
"2278",39000,5,"523110",58,0,2017,2,"",330,3371,3384,3414,157266128,1508825,30338,3569,"",1.55,0.62,0.62,0.61,0.62,0.28,0.25,1,"",2,0.6,-125,-3.6,-169,-4.8,-156,-4.4,4711073,3.1,-300762,-16.6,1954,6.9,254,7.7
"2279",39000,5,"52312",57,0,2017,2,"",1189,5686,5712,5753,184051351,3673270,65739,2476,"",1.59,0.55,0.55,0.55,0.48,0.32,0.31,0.88,"",4,0.3,195,3.6,179,3.2,255,4.6,19718667,12,-343953,-8.6,10429,18.9,181,7.9
"2280",39000,5,"523120",58,0,2017,2,"",1189,5686,5712,5753,184051351,3673270,65739,2476,"",1.59,0.55,0.55,0.55,0.48,0.32,0.31,0.88,"",4,0.3,195,3.6,179,3.2,255,4.6,19718667,12,-343953,-8.6,10429,18.9,181,7.9
"2281",39000,5,"52313",57,0,2017,2,"",10,36,38,38,707160,31838,948,1457,"",0.22,0.07,0.07,0.07,0.03,0.05,0.05,0.48,"",-1,-9.1,4,12.5,6,18.8,-4,-9.5,78996,12.6,8535,36.6,250,35.8,89,6.5
"2282",39000,5,"523130",58,0,2017,2,"",10,36,38,38,707160,31838,948,1457,"",0.22,0.07,0.07,0.07,0.03,0.05,0.05,0.48,"",-1,-9.1,4,12.5,6,18.8,-4,-9.5,78996,12.6,8535,36.6,250,35.8,89,6.5
"2283",39000,5,"52314",57,0,2017,2,"",28,54,55,57,1267239,75424,1293,1762,"",0.62,0.15,0.16,0.16,0.11,0.15,0.08,0.7,"",0,0,20,58.8,20,57.1,19,50,236780,23,24901,49.3,-369,-22.2,-460,-20.7
"2284",39000,5,"523140",58,0,2017,2,"",28,54,55,57,1267239,75424,1293,1762,"",0.62,0.15,0.16,0.16,0.11,0.15,0.08,0.7,"",0,0,20,58.8,20,57.1,19,50,236780,23,24901,49.3,-369,-22.2,-460,-20.7
"2285",39000,5,"5232",56,0,2017,2,"",6,4,5,4,65216,12756,255,1158,"",0.9,0.02,0.03,0.02,0.01,0.12,0.05,0.42,"",0,0,1,33.3,0,0,0,0,20045,44.4,1409,12.4,-23,-8.3,289,33.3
"2286",39000,5,"52321",57,0,2017,2,"",6,4,5,4,65216,12756,255,1158,"",0.9,0.02,0.03,0.02,0.01,0.12,0.05,0.42,"",0,0,1,33.3,0,0,0,0,20045,44.4,1409,12.4,-23,-8.3,289,33.3
"2287",39000,5,"523210",58,0,2017,2,"",6,4,5,4,65216,12756,255,1158,"",0.9,0.02,0.03,0.02,0.01,0.12,0.05,0.42,"",0,0,1,33.3,0,0,0,0,20045,44.4,1409,12.4,-23,-8.3,289,33.3
"2288",39000,5,"5239",56,0,2017,2,"",2003,9164,9244,9334,233751214,9601604,258457,1944,"",0.92,0.53,0.53,0.53,0.39,0.49,0.5,0.73,"",91,4.8,243,2.7,305,3.4,373,4.2,23855805,11.4,-230658,-2.3,45146,21.2,138,7.6
"2289",39000,5,"52391",57,0,2017,2,"",56,293,303,312,8323986,354457,16239,2116,"",0.3,0.29,0.29,0.3,0.23,0.3,0.48,0.8,"",2,3.7,3,1,11,3.8,5,1.6,440001,5.6,116929,49.2,7689,89.9,69,3.4
"2290",39000,5,"523910",58,0,2017,2,"",56,293,303,312,8323986,354457,16239,2116,"",0.3,0.29,0.29,0.3,0.23,0.3,0.48,0.8,"",2,3.7,3,1,11,3.8,5,1.6,440001,5.6,116929,49.2,7689,89.9,69,3.4
"2291",39000,5,"52392",57,0,2017,2,"",567,3866,3859,3910,113139533,3654720,101303,2244,"",0.9,0.52,0.52,0.52,0.36,0.52,0.54,0.69,"",19,3.5,69,1.8,51,1.3,98,2.6,13869801,14,-311061,-7.8,15735,18.4,237,11.8
"2292",39000,5,"523920",58,0,2017,2,"",567,3866,3859,3910,113139533,3654720,101303,2244,"",0.9,0.52,0.52,0.52,0.36,0.52,0.54,0.69,"",19,3.5,69,1.8,51,1.3,98,2.6,13869801,14,-311061,-7.8,15735,18.4,237,11.8
"2293",39000,5,"52393",57,0,2017,2,"",1307,4673,4748,4769,104797177,5234753,131606,1704,"",1.11,0.66,0.66,0.66,0.5,0.56,0.58,0.75,"",73,5.9,208,4.7,284,6.4,298,6.7,10606206,11.3,131637,2.6,29440,28.8,82,5.1
"2294",39000,5,"523930",58,0,2017,2,"",1307,4673,4748,4769,104797177,5234753,131606,1704,"",1.11,0.66,0.66,0.66,0.5,0.56,0.58,0.75,"",73,5.9,208,4.7,284,6.4,298,6.7,10606206,11.3,131637,2.6,29440,28.8,82,5.1
"2295",39000,5,"52399",57,0,2017,2,"",73,332,334,343,7490518,357674,9309,1713,"",0.41,0.19,0.19,0.2,0.18,0.16,0.15,0.92,"",-3,-3.9,-37,-10,-41,-10.9,-28,-7.5,-1060203,-12.4,-168163,-32,-7718,-45.3,-57,-3.2
"2296",39000,5,"523991",58,0,2017,2,"",35,178,178,181,3642808,165502,2480,1565,"",0.49,0.27,0.27,0.27,0.28,0.19,0.11,1.04,"",-5,-12.5,-18,-9.2,-23,-11.4,-19,-9.5,-395871,-9.8,-117178,-41.5,-2411,-49.3,4,0.3
"2297",39000,5,"523999",58,0,2017,2,"",38,154,156,162,3847710,192172,6829,1881,"",0.36,0.15,0.15,0.15,0.13,0.14,0.17,0.9,"",2,5.6,-19,-11,-18,-10.3,-9,-5.3,-664332,-14.7,-50985,-21,-5307,-43.7,-129,-6.4
"2298",39000,5,"524",55,0,2017,2,"",7011,108317,108456,108637,1823838612,85579175,2083950,1293,"",1.21,1.26,1.26,1.26,1.22,0.71,0.8,0.97,"",-78,-1.1,1619,1.5,1551,1.5,1523,1.4,5696294,0.3,-11759942,-12.1,224958,12.1,-15,-1.1
"2299",39000,5,"5241",56,0,2017,2,"",1031,66352,66465,66764,1173501001,35382302,835184,1357,"",1.19,1.52,1.52,1.51,1.44,0.66,0.78,0.95,"",5,0.5,1082,1.7,1020,1.6,1086,1.7,-35611851,-2.9,-7665971,-17.8,49953,6.4,-64,-4.5
"2300",39000,5,"52411",57,0,2017,2,"",340,26518,26535,26633,459330168,16191048,412784,1330,"",1.17,1.19,1.18,1.18,1.08,0.57,0.7,0.91,"",10,3,998,3.9,893,3.5,1020,4,16145453,3.6,-2647872,-14.1,60634,17.2,-2,-0.2
"2301",39000,5,"524113",58,0,2017,2,"",200,10044,10071,10170,184200566,4587192,100802,1404,"",1.2,1.14,1.14,1.14,1.02,0.43,0.5,0.89,"",-2,-1,517,5.4,486,5.1,583,6.1,16038786,9.5,-784885,-14.6,31207,44.8,52,3.8
"2302",39000,5,"524114",58,0,2017,2,"",140,16474,16464,16463,275129602,11603856,311982,1285,"",1.12,1.21,1.21,1.2,1.12,0.64,0.8,0.93,"",12,9.4,481,3,407,2.5,437,2.7,106667,0,-1862987,-13.8,29427,10.4,-35,-2.7
"2303",39000,5,"52412",57,0,2017,2,"",663,39644,39720,39916,709459654,18866756,414294,1373,"",1.2,1.96,1.96,1.95,1.98,0.82,0.93,1.01,"",-3,-0.5,70,0.2,96,0.2,33,0.1,-52657274,-6.9,-5230732,-21.7,-16892,-3.9,-104,-7
"2304",39000,5,"524126",58,0,2017,2,"",425,37617,37648,37827,679123512,16620538,328412,1386,"",1.21,2.16,2.16,2.16,2.22,0.91,1.02,1.03,"",-7,-1.6,24,0.1,14,0,-79,-0.2,-53920483,-7.4,-5105360,-23.5,-10954,-3.2,-109,-7.3
"2305",39000,5,"524127",58,0,2017,2,"",192,1533,1566,1579,22420003,1693894,69087,1106,"",1.16,0.67,0.67,0.67,0.51,0.43,0.68,0.76,"",3,1.6,39,2.6,60,4,78,5.2,448984,2,50186,3.1,-4710,-6.4,-20,-1.8
"2306",39000,5,"524128",58,0,2017,2,"",46,494,506,510,7916139,552324,16795,1210,"",1.36,0.87,0.88,0.87,0.9,0.64,0.78,1.04,"",1,2.2,7,1.4,22,4.5,34,7.1,814225,11.5,-175558,-24.1,-1228,-6.8,77,6.8
"2307",39000,5,"52413",57,0,2017,2,"",28,190,210,215,4711179,324498,8106,1768,"",1.15,0.19,0.21,0.21,0.15,0.19,0.23,0.75,"",-2,-6.7,14,8,31,17.3,33,18.1,899970,23.6,212633,190.1,6211,327.8,130,7.9
"2308",39000,5,"524130",58,0,2017,2,"",28,190,210,215,4711179,324498,8106,1768,"",1.15,0.19,0.21,0.21,0.15,0.19,0.23,0.75,"",-2,-6.7,14,8,31,17.3,33,18.1,899970,23.6,212633,190.1,6211,327.8,130,7.9
"2309",39000,5,"5242",56,0,2017,2,"",5980,41965,41991,41873,650337611,50196873,1248766,1193,"",1.22,1,0.99,0.99,0.96,0.75,0.82,0.97,"",-83,-1.4,537,1.3,531,1.3,437,1.1,41308145,6.8,-4093971,-7.5,175005,16.3,63,5.6
"2310",39000,5,"52421",57,0,2017,2,"",5338,28024,28106,28040,443195374,34125582,758457,1215,"",1.25,0.94,0.94,0.93,0.92,0.73,0.78,0.99,"",-78,-1.4,444,1.6,529,1.9,498,1.8,26976655,6.5,-1083771,-3.1,143528,23.3,54,4.7
"2311",39000,5,"524210",58,0,2017,2,"",5338,28024,28106,28040,443195374,34125582,758457,1215,"",1.25,0.94,0.94,0.93,0.92,0.73,0.78,0.99,"",-78,-1.4,444,1.6,529,1.9,498,1.8,26976655,6.5,-1083771,-3.1,143528,23.3,54,4.7
"2312",39000,5,"52429",57,0,2017,2,"",642,13941,13885,13833,207142237,16071291,490309,1147,"",1,1.14,1.13,1.12,1.04,0.78,0.89,0.92,"",-5,-0.8,93,0.7,2,0,-61,-0.4,14331490,7.4,-3010200,-15.8,31477,6.9,78,7.3
"2313",39000,5,"524291",58,0,2017,2,"",161,1748,1672,1635,28240774,1994980,75100,1289,"",0.8,0.77,0.75,0.73,0.74,0.54,0.53,0.98,"",-3,-1.8,-3,-0.2,-70,-4,-65,-3.8,-431393,-1.5,-108601,-5.2,4371,6.2,15,1.2
"2314",39000,5,"524292",58,0,2017,2,"",306,9044,9072,9076,137007565,9431214,274282,1163,"",1.49,1.29,1.29,1.29,1.27,0.74,0.96,0.98,"",2,0.7,-4,0,-20,-0.2,-29,-0.3,13297417,10.7,-3440075,-26.7,-24964,-8.3,115,11
"2315",39000,5,"524298",58,0,2017,2,"",175,3149,3141,3122,41893898,4645097,140927,1027,"",0.74,1.05,1.04,1.03,0.79,1.07,1.16,0.76,"",-4,-2.2,100,3.3,92,3,33,1.1,1465466,3.6,538476,13.1,52070,58.6,11,1.1
"2316",39000,5,"525",55,0,2017,2,"N",145,0,0,0,0,0,0,0,"N",1.04,0,0,0,0,0,0,0,"N",28,23.9,0,0,0,0,0,0,0,0,0,0,0,0,0,0
"2317",39000,5,"5251",56,0,2017,2,"N",28,0,0,0,0,0,0,0,"N",1.09,0,0,0,0,0,0,0,"N",3,12,0,0,0,0,0,0,0,0,0,0,0,0,0,0
"2318",39000,5,"52511",57,0,2017,2,"",18,56,56,57,1046197,38649,1086,1429,"",1.59,0.84,0.83,0.85,0.77,0.35,0.17,0.91,"",1,5.9,8,16.7,6,12,9,18.8,308912,41.9,9107,30.8,-70,-6.1,264,22.7
"2319",39000,5,"525110",58,0,2017,2,"",18,56,56,57,1046197,38649,1086,1429,"",1.59,0.84,0.83,0.85,0.77,0.35,0.17,0.91,"",1,5.9,8,16.7,6,12,9,18.8,308912,41.9,9107,30.8,-70,-6.1,264,22.7
"2320",39000,5,"52512",57,0,2017,2,"N",10,0,0,0,0,0,0,0,"N",1.08,0,0,0,0,0,0,0,"N",2,25,0,0,0,0,0,0,0,0,0,0,0,0,0,0
"2321",39000,5,"525120",58,0,2017,2,"N",10,0,0,0,0,0,0,0,"N",1.08,0,0,0,0,0,0,0,"N",2,25,0,0,0,0,0,0,0,0,0,0,0,0,0,0
"2322",39000,5,"5259",56,0,2017,2,"",117,141,124,123,3669586,2109395,59036,2183,"",1.03,0.54,0.47,0.45,0.42,1.75,1.75,0.85,"",25,27.2,49,53.3,43,53.1,49,66.2,-453886,-11,-256219,-10.8,-5158,-8,-1670,-43.3
"2323",39000,5,"52591",57,0,2017,2,"",7,12,11,10,217531,4054,65,1521,"",0.65,0.33,0.3,0.25,0.17,0.06,0.02,0.6,"",1,16.7,0,0,-1,-8.3,-2,-16.7,62238,40.1,-12031,-74.8,-284,-81.4,526,52.9
"2324",39000,5,"525910",58,0,2017,2,"",7,12,11,10,217531,4054,65,1521,"",0.65,0.33,0.3,0.25,0.17,0.06,0.02,0.6,"",1,16.7,0,0,-1,-8.3,-2,-16.7,62238,40.1,-12031,-74.8,-284,-81.4,526,52.9
"2325",39000,5,"52592",57,0,2017,2,"",35,83,68,67,1032698,319684,9853,1093,"",0.82,1.17,0.94,0.89,0.62,0.99,0.8,0.62,"",-1,-2.8,20,31.7,17,33.3,17,34,-234707,-18.5,73559,29.9,3645,58.7,-690,-38.7
"2326",39000,5,"525920",58,0,2017,2,"",35,83,68,67,1032698,319684,9853,1093,"",0.82,1.17,0.94,0.89,0.62,0.99,0.8,0.62,"",-1,-2.8,20,31.7,17,33.3,17,34,-234707,-18.5,73559,29.9,3645,58.7,-690,-38.7
"2327",39000,5,"52599",57,0,2017,2,"",75,46,45,46,2419357,1785657,49118,4075,"",1.25,0.3,0.29,0.29,0.41,2.2,2.61,1.39,"",25,50,29,170.6,27,150,34,283.3,-281417,-10.4,-317747,-15.1,-8519,-14.8,-9186,-69.3
"2328",39000,5,"525990",58,0,2017,2,"",75,46,45,46,2419357,1785657,49118,4075,"",1.25,0.3,0.29,0.29,0.41,2.2,2.61,1.39,"",25,50,29,170.6,27,150,34,283.3,-281417,-10.4,-317747,-15.1,-8519,-14.8,-9186,-69.3
"2329",39000,5,"53",54,0,2017,2,"",11069,63088,64322,65781,705420590,112304717,3299912,843,"",0.96,0.79,0.79,0.79,0.73,0.8,0.8,0.93,"",338,3.1,709,1.1,1010,1.6,1387,2.2,35956110,5.4,-3340384,-2.9,361858,12.3,30,3.7
"2330",39000,5,"531",55,0,2017,2,"",8854,44417,44954,45773,499215781,77025895,2184334,852,"",0.9,0.75,0.75,0.76,0.7,0.76,0.76,0.93,"",327,3.8,616,1.4,870,2,1198,2.7,23217606,4.9,-4035223,-5,164848,8.2,23,2.8
"2331",39000,5,"5311",56,0,2017,2,"",3314,16624,16841,17218,160773880,30886620,843784,732,"",1,0.76,0.76,0.77,0.68,0.86,0.81,0.89,"",-60,-1.8,-539,-3.1,-443,-2.6,-402,-2.3,-11519985,-6.7,-2072774,-6.3,60291,7.7,-32,-4.2
"2332",39000,5,"53111",57,0,2017,2,"",2051,10638,10867,11027,92667950,19676390,530815,657,"",1.12,0.82,0.82,0.82,0.74,0.9,0.85,0.91,"",56,2.8,-78,-0.7,9,0.1,-26,-0.2,4087606,4.6,-1642000,-7.7,21135,4.1,30,4.8
"2333",39000,5,"531110",58,0,2017,2,"",2051,10638,10867,11027,92667950,19676390,530815,657,"",1.12,0.82,0.82,0.82,0.74,0.9,0.85,0.91,"",56,2.8,-78,-0.7,9,0.1,-26,-0.2,4087606,4.6,-1642000,-7.7,21135,4.1,30,4.8
"2334",39000,5,"53112",57,0,2017,2,"",579,3768,3673,3793,50461378,5939735,162110,1037,"",0.8,0.7,0.67,0.7,0.63,0.74,0.68,0.91,"",-112,-16.2,-541,-12.6,-541,-12.8,-476,-11.2,-17093047,-25.3,-493827,-7.7,10968,7.3,-182,-14.9
"2335",39000,5,"531120",58,0,2017,2,"",579,3768,3673,3793,50461378,5939735,162110,1037,"",0.8,0.7,0.67,0.7,0.63,0.74,0.68,0.91,"",-112,-16.2,-541,-12.6,-541,-12.8,-476,-11.2,-17093047,-25.3,-493827,-7.7,10968,7.3,-182,-14.9
"2336",39000,5,"53113",57,0,2017,2,"",400,1244,1281,1306,10025561,3014315,74596,604,"",0.88,0.65,0.66,0.67,0.59,0.85,0.74,0.9,"",-1,-0.2,35,2.9,44,3.6,66,5.3,1033542,11.5,10487,0.3,13597,22.3,41,7.3
"2337",39000,5,"531130",58,0,2017,2,"",400,1244,1281,1306,10025561,3014315,74596,604,"",0.88,0.65,0.66,0.67,0.59,0.85,0.74,0.9,"",-1,-0.2,35,2.9,44,3.6,66,5.3,1033542,11.5,10487,0.3,13597,22.3,41,7.3
"2338",39000,5,"53119",57,0,2017,2,"",284,974,1020,1092,7618991,2256180,76263,570,"",0.94,0.64,0.66,0.69,0.5,0.88,0.95,0.75,"",-3,-1,45,4.8,45,4.6,34,3.2,451914,6.3,52566,2.4,14591,23.7,12,2.2
"2339",39000,5,"531190",58,0,2017,2,"",284,974,1020,1092,7618991,2256180,76263,570,"",0.94,0.64,0.66,0.69,0.5,0.88,0.95,0.75,"",-3,-1,45,4.8,45,4.6,34,3.2,451914,6.3,52566,2.4,14591,23.7,12,2.2
"2340",39000,5,"5312",56,0,2017,2,"",2320,6591,6659,6693,83124669,11541249,277607,962,"",0.7,0.57,0.57,0.57,0.51,0.54,0.52,0.89,"",153,7.1,-4,-0.1,-16,-0.2,-8,-0.1,1711151,2.1,-488349,-4.1,42478,18.1,21,2.2
"2341",39000,5,"53121",57,0,2017,2,"",2320,6591,6659,6693,83124669,11541249,277607,962,"",0.7,0.57,0.57,0.57,0.51,0.54,0.52,0.89,"",153,7.1,-4,-0.1,-16,-0.2,-8,-0.1,1711151,2.1,-488349,-4.1,42478,18.1,21,2.2
"2342",39000,5,"531210",58,0,2017,2,"",2320,6591,6659,6693,83124669,11541249,277607,962,"",0.7,0.57,0.57,0.57,0.51,0.54,0.52,0.89,"",153,7.1,-4,-0.1,-16,-0.2,-8,-0.1,1711151,2.1,-488349,-4.1,42478,18.1,21,2.2
"2343",39000,5,"5313",56,0,2017,2,"",3220,21202,21454,21862,255317232,34598026,1062943,913,"",1,0.83,0.83,0.83,0.82,0.78,0.82,0.98,"",234,7.8,1159,5.8,1329,6.6,1608,7.9,33026440,14.9,-1474100,-4.1,62079,6.2,64,7.5
"2344",39000,5,"53131",57,0,2017,2,"",2584,17573,17821,18247,198989243,30149943,926403,856,"",1.1,0.8,0.8,0.81,0.78,0.79,0.82,0.97,"",202,8.5,1178,7.2,1345,8.2,1636,9.8,28416358,16.7,-919601,-3,64990,7.5,60,7.5
"2345",39000,5,"531311",58,0,2017,2,"",1796,11785,12029,12394,111792988,22666707,715371,713,"",1.04,0.73,0.73,0.74,0.69,0.78,0.81,0.94,"",38,2.2,509,4.5,645,5.7,842,7.3,8156239,7.9,-1192166,-5,14228,2,14,2
"2346",39000,5,"531312",58,0,2017,2,"",788,5788,5792,5853,87196255,7483236,211032,1154,"",1.24,0.99,0.98,0.98,0.92,0.81,0.83,0.94,"",164,26.3,669,13.1,700,13.7,794,15.7,20260119,30.3,272565,3.8,50762,31.7,142,14
"2347",39000,5,"53132",57,0,2017,2,"",415,1573,1572,1578,20548325,2364449,56447,1004,"",1.06,1.24,1.23,1.23,1.25,0.96,1.03,1.01,"",2,0.5,47,3.1,35,2.3,36,2.3,1019433,5.2,-62862,-2.6,3666,6.9,25,2.6
"2348",39000,5,"531320",58,0,2017,2,"",415,1573,1572,1578,20548325,2364449,56447,1004,"",1.06,1.24,1.23,1.23,1.25,0.96,1.03,1.01,"",2,0.5,47,3.1,35,2.3,36,2.3,1019433,5.2,-62862,-2.6,3666,6.9,25,2.6
"2349",39000,5,"53139",57,0,2017,2,"",221,2056,2061,2037,35779664,2083634,80093,1342,"",0.46,0.93,0.92,0.9,0.89,0.54,0.73,0.97,"",30,15.7,-66,-3.1,-51,-2.4,-64,-3,3590649,11.2,-491637,-19.1,-6577,-7.6,169,14.4
"2350",39000,5,"531390",58,0,2017,2,"",221,2056,2061,2037,35779664,2083634,80093,1342,"",0.46,0.93,0.92,0.9,0.89,0.54,0.73,0.97,"",30,15.7,-66,-3.1,-51,-2.4,-64,-3,3590649,11.2,-491637,-19.1,-6577,-7.6,169,14.4
"2351",39000,5,"532",55,0,2017,2,"",2063,18025,18719,19352,194156257,34484778,1086059,799,"",1.26,0.88,0.89,0.9,0.85,0.91,0.9,0.95,"",-6,-0.3,-16,-0.1,34,0.2,69,0.4,10300125,5.6,542924,1.6,189637,21.2,41,5.4
"2352",39000,5,"5321",56,0,2017,2,"",672,6869,6924,7027,72603905,11376163,239358,805,"",1.37,0.87,0.87,0.87,0.96,0.84,0.77,1.1,"",6,0.9,274,4.2,294,4.4,321,4.8,4707200,6.9,542937,5,71172,42.3,19,2.4
"2353",39000,5,"53211",57,0,2017,2,"",377,3619,3662,3750,34697207,7579180,142570,726,"",1.2,0.73,0.73,0.73,0.75,0.86,0.75,1.03,"",-2,-0.5,91,2.6,112,3.2,170,4.7,1662901,5,551915,7.9,46931,49.1,11,1.5
"2354",39000,5,"532111",58,0,2017,2,"",338,3224,3272,3360,27873446,7154866,134214,653,"",1.16,0.71,0.71,0.72,0.71,0.89,0.77,1,"",-1,-0.3,86,2.7,114,3.6,173,5.4,2123021,8.2,551491,8.4,45484,51.3,26,4.1
"2355",39000,5,"532112",58,0,2017,2,"",39,395,390,390,6823761,424314,8356,1340,"",1.6,0.96,0.94,0.94,0.99,0.5,0.51,1.05,"",-1,-2.5,5,1.3,-2,-0.5,-3,-0.8,-460120,-6.3,424,0.1,1447,20.9,-91,-6.4
"2356",39000,5,"53212",57,0,2017,2,"",295,3250,3262,3277,37906698,3796983,96788,894,"",1.67,1.12,1.11,1.1,1.28,0.81,0.8,1.15,"",8,2.8,183,6,182,5.9,151,4.8,3044299,8.7,-8978,-0.2,24241,33.4,26,3
"2357",39000,5,"532120",58,0,2017,2,"",295,3250,3262,3277,37906698,3796983,96788,894,"",1.67,1.12,1.11,1.1,1.28,0.81,0.8,1.15,"",8,2.8,183,6,182,5.9,151,4.8,3044299,8.7,-8978,-0.2,24241,33.4,26,3
"2358",39000,5,"5322",56,0,2017,2,"",830,5861,6229,6657,48784075,13963777,455430,601,"",1.42,1.04,1.06,1.09,0.98,1.22,1.06,0.92,"",-30,-3.5,-403,-6.4,-429,-6.4,-431,-6.1,-289269,-0.6,-281061,-2,43448,10.5,35,6.2
"2359",39000,5,"53221",57,0,2017,2,"",322,1970,1935,1906,16662891,4677309,134238,662,"",3.16,2.28,2.23,2.2,2,2.93,2.28,0.9,"",-5,-1.5,-117,-5.6,-155,-7.4,-190,-9.1,913866,5.8,83282,1.8,10768,8.7,83,14.3
"2360",39000,5,"532210",58,0,2017,2,"",322,1970,1935,1906,16662891,4677309,134238,662,"",3.16,2.28,2.23,2.2,2,2.93,2.28,0.9,"",-5,-1.5,-117,-5.6,-155,-7.4,-190,-9.1,913866,5.8,83282,1.8,10768,8.7,83,14.3
"2361",39000,5,"53228",57,0,2017,2,"",508,3891,4294,4751,32121184,9286468,321192,573,"",1.05,0.81,0.86,0.9,0.78,0.94,0.86,0.9,"N",508,100,0,0,0,0,0,0,0,0,0,0,0,0,0,0
"2362",39000,5,"532281",58,0,2017,2,"",50,294,295,264,1246619,632494,19247,337,"",1.61,1.07,1.07,1.04,0.68,1.14,0.85,0.64,"N",50,100,0,0,0,0,0,0,0,0,0,0,0,0,0,0
"2363",39000,5,"532282",58,0,2017,2,"",119,749,728,789,2247684,1233707,23990,229,"",2.06,1.91,1.88,1.94,1.32,2.36,2.05,0.69,"N",119,100,0,0,0,0,0,0,0,0,0,0,0,0,0,0
"2364",39000,5,"532283",58,0,2017,2,"",116,1329,1332,1328,15049815,2407821,69574,871,"",1.23,0.94,0.94,0.94,1.01,0.83,0.85,1.08,"N",116,100,0,0,0,0,0,0,0,0,0,0,0,0,0,0
"2365",39000,5,"532284",58,0,2017,2,"",61,234,413,741,2367950,1248523,57085,394,"",0.82,0.5,0.78,1.02,0.72,1.14,1.29,0.89,"N",61,100,0,0,0,0,0,0,0,0,0,0,0,0,0,0
"2366",39000,5,"532289",58,0,2017,2,"",162,1285,1526,1629,11209116,3763923,151296,583,"",0.72,0.57,0.64,0.66,0.57,0.78,0.72,0.91,"N",162,100,0,0,0,0,0,0,0,0,0,0,0,0,0,0
"2367",39000,5,"5323",56,0,2017,2,"",113,1244,1384,1445,13292009,2869037,86477,753,"",1,0.95,1,1,0.9,1,0.94,0.92,"",1,0.9,-87,-6.5,-63,-4.4,-90,-5.9,218289,1.7,43212,1.5,13476,18.5,53,7.6
"2368",39000,5,"53231",57,0,2017,2,"",113,1244,1384,1445,13292009,2869037,86477,753,"",1,0.95,1,1,0.9,1,0.94,0.92,"",1,0.9,-87,-6.5,-63,-4.4,-90,-5.9,218289,1.7,43212,1.5,13476,18.5,53,7.6
"2369",39000,5,"532310",58,0,2017,2,"",113,1244,1384,1445,13292009,2869037,86477,753,"",1,0.95,1,1,0.9,1,0.94,0.92,"",1,0.9,-87,-6.5,-63,-4.4,-90,-5.9,218289,1.7,43212,1.5,13476,18.5,53,7.6
"2370",39000,5,"5324",56,0,2017,2,"",448,4051,4182,4223,59476268,6275801,304794,1102,"",0.98,0.73,0.73,0.73,0.67,0.63,0.8,0.91,"",17,3.9,200,5.2,232,5.9,269,6.8,5663905,10.5,237836,3.9,61541,25.3,46,4.4
"2371",39000,5,"53241",57,0,2017,2,"",224,2180,2198,2220,33301534,2536284,98734,1165,"",1.1,0.77,0.77,0.77,0.67,0.52,0.53,0.87,"",9,4.2,152,7.5,166,8.2,180,8.8,5080918,18,136279,5.7,28144,39.9,97,9.1
"2372",39000,5,"532411",58,0,2017,2,"",14,67,71,75,1284348,147727,5935,1391,"",0.54,0.35,0.36,0.38,0.27,0.62,0.89,0.74,"",0,0,12,21.8,17,31.5,20,36.4,665069,107.4,47690,47.7,2587,77.3,520,59.7
"2373",39000,5,"532412",58,0,2017,2,"",210,2113,2127,2145,32017186,2388557,92799,1157,"",1.18,0.81,0.8,0.8,0.71,0.52,0.52,0.89,"",9,4.5,140,7.1,149,7.5,160,8.1,4415849,16,88589,3.9,25557,38,84,7.8
"2374",39000,5,"53242",57,0,2017,2,"",43,477,498,480,6813578,532256,12552,1081,"",1.47,1.37,1.42,1.37,1.07,0.9,0.76,0.77,"",12,38.7,144,43.2,112,29,146,43.7,2458085,56.4,11518,2.2,1199,10.6,126,13.2
"2375",39000,5,"532420",58,0,2017,2,"",43,477,498,480,6813578,532256,12552,1081,"",1.47,1.37,1.42,1.37,1.07,0.9,0.76,0.77,"",12,38.7,144,43.2,112,29,146,43.7,2458085,56.4,11518,2.2,1199,10.6,126,13.2
"2376",39000,5,"53249",57,0,2017,2,"",181,1394,1486,1523,19361156,3207261,193508,1015,"",0.82,0.58,0.59,0.6,0.59,0.7,1.09,0.99,"",-4,-2.2,-96,-6.4,-46,-3,-57,-3.6,-1875098,-8.8,90039,2.9,32198,20,-50,-4.7
"2377",39000,5,"532490",58,0,2017,2,"",181,1394,1486,1523,19361156,3207261,193508,1015,"",0.82,0.58,0.59,0.6,0.59,0.7,1.09,0.99,"",-4,-2.2,-96,-6.4,-46,-3,-57,-3.6,-1875098,-8.8,90039,2.9,32198,20,-50,-4.7
"2378",39000,5,"533",55,0,2017,2,"",152,646,649,656,12048552,794044,29519,1425,"",1.62,0.73,0.72,0.72,0.63,0.6,0.81,0.87,"",17,12.6,109,20.3,106,19.5,120,22.4,2438379,25.4,151915,23.7,7373,33.3,53,3.9
"2379",39000,5,"5331",56,0,2017,2,"",152,646,649,656,12048552,794044,29519,1425,"",1.62,0.73,0.72,0.72,0.63,0.6,0.81,0.87,"",17,12.6,109,20.3,106,19.5,120,22.4,2438379,25.4,151915,23.7,7373,33.3,53,3.9
"2380",39000,5,"53311",57,0,2017,2,"",152,646,649,656,12048552,794044,29519,1425,"",1.62,0.73,0.72,0.72,0.63,0.6,0.81,0.87,"",17,12.6,109,20.3,106,19.5,120,22.4,2438379,25.4,151915,23.7,7373,33.3,53,3.9
"2381",39000,5,"533110",58,0,2017,2,"",152,646,649,656,12048552,794044,29519,1425,"",1.62,0.73,0.72,0.72,0.63,0.6,0.81,0.87,"",17,12.6,109,20.3,106,19.5,120,22.4,2438379,25.4,151915,23.7,7373,33.3,53,3.9
"2382",39000,5,"54",54,0,2017,2,"",32706,260039,256611,258099,4526710320,317102037,9671837,1348,"",0.92,0.78,0.77,0.77,0.68,0.62,0.67,0.89,"",649,2,1434,0.6,1683,0.7,3907,1.5,53637991,1.2,-14910779,-4.5,874353,9.9,3,0.2
"2383",39000,5,"541",55,0,2017,2,"",32706,260039,256611,258099,4526710320,317102037,9671837,1348,"",0.92,0.78,0.77,0.77,0.68,0.62,0.67,0.89,"",649,2,1434,0.6,1683,0.7,3907,1.5,53637991,1.2,-14910779,-4.5,874353,9.9,3,0.2
"2384",39000,5,"5411",56,0,2017,2,"",5272,31937,31978,32330,520642415,37917682,918017,1248,"",0.92,0.76,0.76,0.75,0.64,0.59,0.61,0.85,"",-66,-1.2,-392,-1.2,-455,-1.4,-236,-0.7,2715262,0.5,-1763320,-4.4,123064,15.5,20,1.6
"2385",39000,5,"54111",57,0,2017,2,"",4753,28285,28304,28631,475184749,33034225,738278,1287,"",0.9,0.73,0.73,0.73,0.62,0.57,0.56,0.85,"",-61,-1.3,-493,-1.7,-536,-1.9,-276,-1,317170,0.1,-1426042,-4.1,119436,19.3,20,1.6
"2386",39000,5,"541110",58,0,2017,2,"",4753,28285,28304,28631,475184749,33034225,738278,1287,"",0.9,0.73,0.73,0.73,0.62,0.57,0.56,0.85,"",-61,-1.3,-493,-1.7,-536,-1.9,-276,-1,317170,0.1,-1426042,-4.1,119436,19.3,20,1.6
"2387",39000,5,"54119",57,0,2017,2,"",519,3652,3674,3699,45457666,4883457,179739,951,"",1.2,1.09,1.09,1.08,1.02,0.8,1.01,0.94,"",-5,-1,101,2.8,81,2.3,40,1.1,2398092,5.6,-337278,-6.5,3628,2.1,31,3.4
"2388",39000,5,"541191",58,0,2017,2,"",443,2805,2841,2869,35106438,3821941,132576,951,"",1.7,1.21,1.21,1.21,1.2,0.85,1.06,0.99,"",-3,-0.7,111,4.1,100,3.6,82,2.9,2691922,8.3,-412241,-9.7,-9693,-6.8,41,4.5
"2389",39000,5,"541199",58,0,2017,2,"",76,847,833,830,10351228,1061516,47163,952,"",0.44,0.82,0.81,0.79,0.68,0.67,0.89,0.84,"",-2,-2.6,-10,-1.2,-19,-2.2,-42,-4.8,-293830,-2.8,74963,7.6,13321,39.4,0,0
"2390",39000,5,"5412",56,0,2017,2,"",4041,34303,28971,28746,475649083,40504770,1283208,1193,"",0.95,0.86,0.82,0.81,0.81,0.67,0.74,0.97,"",14,0.3,-451,-1.3,-546,-1.8,66,0.2,12017667,2.6,-7560637,-15.7,-99086,-7.2,42,3.6
"2391",39000,5,"54121",57,0,2017,2,"",4041,34303,28971,28746,475649083,40504770,1283208,1193,"",0.95,0.86,0.82,0.81,0.81,0.67,0.74,0.97,"",14,0.3,-451,-1.3,-546,-1.8,66,0.2,12017667,2.6,-7560637,-15.7,-99086,-7.2,42,3.6
"2392",39000,5,"541211",58,0,2017,2,"",1730,16593,15486,15467,289245595,12847571,235069,1404,"",1.05,0.91,0.9,0.89,0.87,0.52,0.52,0.97,"",-12,-0.7,86,0.5,100,0.6,223,1.5,9046950,3.2,-909295,-6.6,45259,23.8,32,2.3
"2393",39000,5,"541213",58,0,2017,2,"",893,5865,1811,1623,27000138,8540638,526252,670,"",0.96,0.98,0.75,0.79,0.85,1.15,1.24,0.95,"",-32,-3.5,-360,-5.8,-400,-18.1,61,3.9,-441497,-1.6,-1906154,-18.2,-97948,-15.7,37,5.8
"2394",39000,5,"541214",58,0,2017,2,"",290,3598,3696,3803,63240331,6107785,189868,1315,"",1.1,0.59,0.59,0.6,0.6,0.53,0.44,1.01,"",-1,-0.3,-111,-3,-208,-5.3,-73,-1.9,-1220039,-1.9,-3077454,-33.5,-80872,-29.9,20,1.5
"2395",39000,5,"541219",58,0,2017,2,"",1128,8247,7978,7853,96163019,13008776,332019,922,"",0.8,0.83,0.83,0.82,0.81,0.77,0.78,0.97,"",59,5.5,-66,-0.8,-38,-0.5,-145,-1.8,4632253,5.1,-1667734,-11.4,34475,11.6,54,6.2
"2396",39000,5,"5413",56,0,2017,2,"",3842,41574,42268,42857,751261638,45768742,1737598,1368,"",0.96,0.79,0.79,0.79,0.74,0.56,0.69,0.94,"",63,1.7,750,1.8,1089,2.6,1421,3.4,29932042,4.1,227973,0.5,123200,7.6,19,1.4
"2397",39000,5,"54131",57,0,2017,2,"",599,5232,5290,5424,92248669,4559176,128293,1335,"",0.85,0.76,0.76,0.77,0.75,0.4,0.46,0.98,"",14,2.4,-110,-2.1,-104,-1.9,-33,-0.6,1792457,2,-472329,-9.4,-5025,-3.8,46,3.6
"2398",39000,5,"541310",58,0,2017,2,"",599,5232,5290,5424,92248669,4559176,128293,1335,"",0.85,0.76,0.76,0.77,0.75,0.4,0.46,0.98,"",14,2.4,-110,-2.1,-104,-1.9,-33,-0.6,1792457,2,-472329,-9.4,-5025,-3.8,46,3.6
"2399",39000,5,"54132",57,0,2017,2,"",95,442,475,485,5444260,1091511,51603,896,"",0.48,0.36,0.37,0.37,0.37,0.42,0.45,0.99,"",-2,-2.1,28,6.8,45,10.5,28,6.1,211052,4,77231,7.6,12244,31.1,-32,-3.4
"2400",39000,5,"541320",58,0,2017,2,"",95,442,475,485,5444260,1091511,51603,896,"",0.48,0.36,0.37,0.37,0.37,0.42,0.45,0.99,"",-2,-2.1,28,6.8,45,10.5,28,6.1,211052,4,77231,7.6,12244,31.1,-32,-3.4
"2401",39000,5,"54133",57,0,2017,2,"",2221,26442,26918,27305,519957747,26381881,1070651,1488,"",1,0.75,0.76,0.76,0.72,0.51,0.67,0.95,"",22,1,587,2.3,834,3.2,1092,4.2,18824606,3.8,238088,0.9,45706,4.5,8,0.5
"2402",39000,5,"541330",58,0,2017,2,"",2221,26442,26918,27305,519957747,26381881,1070651,1488,"",1,0.75,0.76,0.76,0.72,0.51,0.67,0.95,"",22,1,587,2.3,834,3.2,1092,4.2,18824606,3.8,238088,0.9,45706,4.5,8,0.5
"2403",39000,5,"54134",57,0,2017,2,"",78,378,384,383,5468700,435301,18503,1102,"",1,1.16,1.16,1.15,1.38,0.75,1.13,1.19,"",1,1.3,-22,-5.5,-7,-1.8,-14,-3.5,59495,1.1,-128973,-22.9,426,2.4,51,4.9
"2404",39000,5,"541340",58,0,2017,2,"",78,378,384,383,5468700,435301,18503,1102,"",1,1.16,1.16,1.15,1.38,0.75,1.13,1.19,"",1,1.3,-22,-5.5,-7,-1.8,-14,-3.5,59495,1.1,-128973,-22.9,426,2.4,51,4.9
"2405",39000,5,"54135",57,0,2017,2,"",186,826,845,833,10826629,1690351,72476,998,"",0.93,1.04,1.05,1.01,1.11,1.04,1.42,1.07,"",5,2.8,84,11.3,98,13.1,101,13.8,2271133,26.5,146012,9.5,17068,30.8,109,12.3
"2406",39000,5,"541350",58,0,2017,2,"",186,826,845,833,10826629,1690351,72476,998,"",0.93,1.04,1.05,1.01,1.11,1.04,1.42,1.07,"",5,2.8,84,11.3,98,13.1,101,13.8,2271133,26.5,146012,9.5,17068,30.8,109,12.3
"2407",39000,5,"54136",57,0,2017,2,"",59,177,182,193,2379015,319755,13015,995,"",0.92,0.33,0.34,0.36,0.26,0.35,0.34,0.76,"",1,1.7,-75,-29.8,-70,-27.8,-61,-24,-1083140,-31.3,-16861,-5,2799,27.4,-59,-5.6
"2408",39000,5,"541360",58,0,2017,2,"",59,177,182,193,2379015,319755,13015,995,"",0.92,0.33,0.34,0.36,0.26,0.35,0.34,0.76,"",1,1.7,-75,-29.8,-70,-27.8,-61,-24,-1083140,-31.3,-16861,-5,2799,27.4,-59,-5.6
"2409",39000,5,"54137",57,0,2017,2,"",186,1111,1133,1122,14274662,1612579,54132,979,"",0.79,0.64,0.64,0.62,0.65,0.49,0.47,1.03,"",2,1.1,63,6,63,5.9,43,4,1843699,14.8,116761,7.8,4371,8.8,82,9.1
"2410",39000,5,"541370",58,0,2017,2,"",186,1111,1133,1122,14274662,1612579,54132,979,"",0.79,0.64,0.64,0.62,0.65,0.49,0.47,1.03,"",2,1.1,63,6,63,5.9,43,4,1843699,14.8,116761,7.8,4371,8.8,82,9.1
"2411",39000,5,"54138",57,0,2017,2,"",418,6966,7041,7112,100661956,9678188,328925,1100,"",1.43,1.14,1.14,1.14,0.95,0.99,1.04,0.84,"",20,5,195,2.9,230,3.4,265,3.9,6012740,6.4,268044,2.8,45611,16.1,31,2.9
"2412",39000,5,"541380",58,0,2017,2,"",418,6966,7041,7112,100661956,9678188,328925,1100,"",1.43,1.14,1.14,1.14,0.95,0.99,1.04,0.84,"",20,5,195,2.9,230,3.4,265,3.9,6012740,6.4,268044,2.8,45611,16.1,31,2.9
"2413",39000,5,"5414",56,0,2017,2,"",961,6901,6905,7054,123778186,8720346,239418,1369,"",0.89,1.33,1.32,1.34,1.65,1,0.94,1.24,"",14,1.5,129,1.9,154,2.3,395,5.9,11956448,10.7,1317855,17.8,60196,33.6,90,7
"2414",39000,5,"54141",57,0,2017,2,"",251,1155,1174,1189,15173955,1643937,46827,995,"",0.63,0.73,0.73,0.73,0.76,0.63,0.63,1.04,"",5,2,12,1,33,2.9,73,6.5,-167850,-1.1,-99304,-5.7,-576,-1.2,-46,-4.4
"2415",39000,5,"541410",58,0,2017,2,"",251,1155,1174,1189,15173955,1643937,46827,995,"",0.63,0.73,0.73,0.73,0.76,0.63,0.63,1.04,"",5,2,12,1,33,2.9,73,6.5,-167850,-1.1,-99304,-5.7,-576,-1.2,-46,-4.4
"2416",39000,5,"54142",57,0,2017,2,"",97,1929,1918,2024,43830778,3039042,78138,1723,"",1.41,2.81,2.76,2.87,3.23,3.07,2.49,1.15,"",-4,-4,117,6.5,136,7.6,202,11.1,6449246,17.3,1655500,119.7,42007,116.3,130,8.2
"2417",39000,5,"541420",58,0,2017,2,"",97,1929,1918,2024,43830778,3039042,78138,1723,"",1.41,2.81,2.76,2.87,3.23,3.07,2.49,1.15,"",-4,-4,117,6.5,136,7.6,202,11.1,6449246,17.3,1655500,119.7,42007,116.3,130,8.2
"2418",39000,5,"54143",57,0,2017,2,"",566,2654,2676,2695,37424939,3354246,97417,1076,"",1.13,1.13,1.13,1.14,1.16,0.78,0.82,1.02,"",7,1.3,-30,-1.1,-18,-0.7,14,0.5,599054,1.6,43661,1.3,27743,39.8,21,2
"2419",39000,5,"541430",58,0,2017,2,"",566,2654,2676,2695,37424939,3354246,97417,1076,"",1.13,1.13,1.13,1.14,1.16,0.78,0.82,1.02,"",7,1.3,-30,-1.1,-18,-0.7,14,0.5,599054,1.6,43661,1.3,27743,39.8,21,2
"2420",39000,5,"54149",57,0,2017,2,"",47,1163,1137,1146,27348514,683121,17036,1831,"",0.42,2.08,2.01,2.01,3.02,0.79,0.56,1.49,"",6,14.6,30,2.6,3,0.3,106,10.2,5075998,22.8,-282002,-29.2,-8978,-34.5,277,17.8
"2421",39000,5,"541490",58,0,2017,2,"",47,1163,1137,1146,27348514,683121,17036,1831,"",0.42,2.08,2.01,2.01,3.02,0.79,0.56,1.49,"",6,14.6,30,2.6,3,0.3,106,10.2,5075998,22.8,-282002,-29.2,-8978,-34.5,277,17.8
"2422",39000,5,"5415",56,0,2017,2,"",8462,60951,61255,61101,1293421362,63079204,2122222,1628,"",1.08,0.8,0.8,0.8,0.69,0.57,0.67,0.86,"",455,5.7,2043,3.5,2009,3.4,2287,3.9,35789516,2.8,-2794763,-4.2,188421,9.7,-12,-0.7
"2423",39000,5,"54151",57,0,2017,2,"",8462,60951,61255,61101,1293421362,63079204,2122222,1628,"",1.08,0.8,0.8,0.8,0.69,0.57,0.67,0.86,"",455,5.7,2043,3.5,2009,3.4,2287,3.9,35789516,2.8,-2794763,-4.2,188421,9.7,-12,-0.7
"2424",39000,5,"541511",58,0,2017,2,"",4775,30320,30520,30567,632647929,29902760,977051,1597,"",1.37,0.92,0.92,0.92,0.76,0.63,0.73,0.82,"",278,6.2,1146,3.9,1131,3.8,1259,4.3,12887810,2.1,-1283093,-4.1,138831,16.6,-31,-1.9
"2425",39000,5,"541512",58,0,2017,2,"",3320,25722,25886,25663,568460646,28747532,976267,1698,"",0.89,0.71,0.71,0.71,0.66,0.55,0.63,0.93,"",157,5,851,3.4,874,3.5,994,4,26463613,4.9,-575430,-2,83722,9.4,20,1.2
"2426",39000,5,"541513",58,0,2017,2,"",150,2068,2074,2091,42723655,1482274,55391,1582,"",1.27,0.8,0.8,0.8,0.79,0.41,0.51,0.99,"",1,0.7,-68,-3.2,-60,-2.8,-35,-1.6,-2536683,-5.6,-601657,-28.9,2879,5.5,-51,-3.1
"2427",39000,5,"541519",58,0,2017,2,"",217,2841,2775,2780,49589132,2946638,113513,1363,"",0.43,0.69,0.67,0.66,0.47,0.42,0.55,0.7,"",19,9.6,114,4.2,64,2.4,69,2.5,-1025224,-2,-334583,-10.2,-37011,-24.6,-70,-4.9
"2428",39000,5,"5416",56,0,2017,2,"",5828,30402,30838,31192,586327410,42849084,1427635,1464,"",0.77,0.59,0.59,0.6,0.58,0.52,0.58,0.98,"",188,3.3,18,0.1,207,0.7,743,2.4,18881148,3.3,-1297534,-2.9,130306,10,32,2.2
"2429",39000,5,"54161",57,0,2017,2,"",4779,25908,26269,26612,506325683,36795843,1218812,1483,"",0.82,0.63,0.63,0.63,0.62,0.56,0.64,0.97,"",165,3.6,518,2,739,2.9,1197,4.7,21618584,4.5,571789,1.6,163356,15.5,18,1.2
"2430",39000,5,"541611",58,0,2017,2,"",2646,11991,12071,12069,259917326,15719600,491074,1660,"",0.88,0.56,0.55,0.55,0.54,0.47,0.54,0.98,"",98,3.8,357,3.1,296,2.5,487,4.2,7147087,2.8,143524,0.9,32503,7.1,-7,-0.4
"2431",39000,5,"541612",58,0,2017,2,"",404,3294,3379,3421,50459981,5805450,179832,1154,"",1.29,1.12,1.13,1.13,0.92,1.27,1.24,0.82,"",6,1.5,119,3.7,204,6.4,228,7.1,4900306,10.8,546090,10.4,35627,24.7,52,4.7
"2432",39000,5,"541613",58,0,2017,2,"",972,5514,5666,5894,107847561,7629058,228737,1458,"",0.7,0.64,0.65,0.67,0.73,0.5,0.49,1.12,"",71,7.9,-616,-10,-485,-7.9,-265,-4.3,-6529191,-5.7,-1233864,-13.9,-12486,-5.2,27,1.9
"2433",39000,5,"541614",58,0,2017,2,"",424,3111,3189,3267,49833000,5284755,235151,1202,"",0.99,0.7,0.71,0.72,0.71,0.77,1.08,0.99,"",-22,-4.9,141,4.7,251,8.5,295,9.9,3225326,6.9,724816,15.9,86063,57.7,-9,-0.7
"2434",39000,5,"541618",58,0,2017,2,"",333,1998,1964,1961,38267815,2356980,84018,1491,"",0.48,0.56,0.54,0.54,0.55,0.45,0.48,1,"",12,3.7,517,34.9,473,31.7,452,30,12875056,50.7,391223,19.9,21649,34.7,183,14
"2435",39000,5,"54162",57,0,2017,2,"",324,1839,1913,1926,32462007,2237877,77281,1319,"",0.91,0.59,0.6,0.6,0.62,0.39,0.47,1.04,"",2,0.6,-130,-6.6,-143,-7,-105,-5.2,279355,0.9,-1103055,-33,-40996,-34.7,93,7.6
"2436",39000,5,"541620",58,0,2017,2,"",324,1839,1913,1926,32462007,2237877,77281,1319,"",0.91,0.59,0.6,0.6,0.62,0.39,0.47,1.04,"",2,0.6,-130,-6.6,-143,-7,-105,-5.2,279355,0.9,-1103055,-33,-40996,-34.7,93,7.6
"2437",39000,5,"54169",57,0,2017,2,"",725,2655,2656,2654,47539720,3815364,131542,1377,"",0.52,0.38,0.37,0.37,0.35,0.34,0.34,0.95,"",21,3,-370,-12.2,-389,-12.8,-349,-11.6,-3016791,-6,-766268,-16.7,7946,6.4,91,7.1
"2438",39000,5,"541690",58,0,2017,2,"",725,2655,2656,2654,47539720,3815364,131542,1377,"",0.52,0.38,0.37,0.37,0.35,0.34,0.34,0.95,"",21,3,-370,-12.2,-389,-12.8,-349,-11.6,-3016791,-6,-766268,-16.7,7946,6.4,91,7.1
"2439",39000,5,"5417",56,0,2017,2,"",624,16925,17031,17403,366473539,10582593,277661,1647,"",0.79,0.7,0.7,0.7,0.56,0.43,0.46,0.79,"",-106,-14.5,-2366,-12.3,-2436,-12.5,-2443,-12.3,-65175557,-15.1,-4071154,-27.8,-67500,-19.6,-53,-3.1
"2440",39000,5,"54171",57,0,2017,2,"",541,16287,16406,16800,358252091,9795169,243847,1670,"",0.81,0.75,0.75,0.75,0.58,0.43,0.45,0.77,"",-110,-16.9,-2386,-12.8,-2417,-12.8,-2370,-12.4,-65202273,-15.4,-3841805,-28.2,-61015,-20,-54,-3.1
"2441",39000,5,"541713",58,0,2017,2,"",27,241,241,250,4017671,295460,15889,1267,"",0.63,0.3,0.3,0.31,0.21,0.28,0.81,0.68,"N",27,100,0,0,0,0,0,0,0,0,0,0,0,0,0,0
"2442",39000,5,"541714",58,0,2017,2,"",168,1106,1111,1079,25738095,836806,27535,1802,"",0.73,0.17,0.17,0.16,0.12,0.11,0.14,0.72,"N",168,100,0,0,0,0,0,0,0,0,0,0,0,0,0,0
"2443",39000,5,"541715",58,0,2017,2,"",346,14940,15054,15471,328496325,8662903,200423,1667,"",0.88,1.04,1.04,1.04,0.85,0.63,0.63,0.82,"N",346,100,0,0,0,0,0,0,0,0,0,0,0,0,0,0
"2444",39000,5,"54172",57,0,2017,2,"",83,638,625,603,8221448,787424,33814,1017,"",0.65,0.27,0.27,0.25,0.22,0.39,0.56,0.82,"",4,5.1,20,3.2,-19,-3,-73,-10.8,26716,0.3,-229349,-22.6,-6485,-16.1,41,4.2
"2445",39000,5,"541720",58,0,2017,2,"",83,638,625,603,8221448,787424,33814,1017,"",0.65,0.27,0.27,0.25,0.22,0.39,0.56,0.82,"",4,5.1,20,3.2,-19,-3,-73,-10.8,26716,0.3,-229349,-22.6,-6485,-16.1,41,4.2
"2446",39000,5,"5418",56,0,2017,2,"",1536,14012,14196,14164,171630355,22073697,616006,935,"",1.01,0.77,0.77,0.77,0.54,0.78,0.71,0.7,"",58,3.9,414,3,598,4.4,447,3.3,-5429133,-3.1,236403,1.1,75188,13.9,-64,-6.4
"2447",39000,5,"54181",57,0,2017,2,"",703,5141,5183,5208,88407999,5643699,187425,1314,"",1.18,0.68,0.69,0.69,0.53,0.51,0.54,0.78,"",26,3.8,-198,-3.7,-179,-3.3,-228,-4.2,-8458664,-8.7,-557171,-9,2155,1.2,-71,-5.1
"2448",39000,5,"541810",58,0,2017,2,"",703,5141,5183,5208,88407999,5643699,187425,1314,"",1.18,0.68,0.69,0.69,0.53,0.51,0.54,0.78,"",26,3.8,-198,-3.7,-179,-3.3,-228,-4.2,-8458664,-8.7,-557171,-9,2155,1.2,-71,-5.1
"2449",39000,5,"54182",57,0,2017,2,"",243,984,1019,982,15462241,1047138,23780,1195,"",0.79,0.46,0.47,0.45,0.32,0.37,0.3,0.7,"",13,5.7,25,2.6,46,4.7,-16,-1.6,183347,1.2,-371854,-26.2,-1205,-4.8,-8,-0.7
"2450",39000,5,"541820",58,0,2017,2,"",243,984,1019,982,15462241,1047138,23780,1195,"",0.79,0.46,0.47,0.45,0.32,0.37,0.3,0.7,"",13,5.7,25,2.6,46,4.7,-16,-1.6,183347,1.2,-371854,-26.2,-1205,-4.8,-8,-0.7
"2451",39000,5,"54183",57,0,2017,2,"",43,324,322,310,5051641,298174,9386,1219,"",1.19,0.52,0.52,0.5,0.3,0.42,0.45,0.59,"",3,7.5,10,3.2,19,6.3,7,2.3,-292149,-5.5,-83847,-21.9,-5080,-35.1,-121,-9
"2452",39000,5,"541830",58,0,2017,2,"",43,324,322,310,5051641,298174,9386,1219,"",1.19,0.52,0.52,0.5,0.3,0.42,0.45,0.59,"",3,7.5,10,3.2,19,6.3,7,2.3,-292149,-5.5,-83847,-21.9,-5080,-35.1,-121,-9
"2453",39000,5,"54184",57,0,2017,2,"",81,341,336,330,5118502,392947,15645,1173,"",0.77,0.4,0.39,0.38,0.27,0.33,0.38,0.69,"",12,17.4,51,17.6,52,18.3,42,14.6,588954,13,81638,26.2,3164,25.4,-40,-3.3
"2454",39000,5,"541840",58,0,2017,2,"",81,341,336,330,5118502,392947,15645,1173,"",0.77,0.4,0.39,0.38,0.27,0.33,0.38,0.69,"",12,17.4,51,17.6,52,18.3,42,14.6,588954,13,81638,26.2,3164,25.4,-40,-3.3
"2455",39000,5,"54185",57,0,2017,2,"",119,1277,1323,1318,16151222,1931065,89638,951,"",1.19,0.9,0.93,0.92,0.94,0.78,1.15,1.02,"",8,7.2,44,3.6,75,6,53,4.2,-1172380,-6.8,-89686,-4.4,9216,11.5,-116,-10.9
"2456",39000,5,"541850",58,0,2017,2,"",119,1277,1323,1318,16151222,1931065,89638,951,"",1.19,0.9,0.93,0.92,0.94,0.78,1.15,1.02,"",8,7.2,44,3.6,75,6,53,4.2,-1172380,-6.8,-89686,-4.4,9216,11.5,-116,-10.9
"2457",39000,5,"54186",57,0,2017,2,"",99,898,938,921,9752333,1738793,45761,816,"",1.25,0.55,0.57,0.57,0.48,0.58,0.49,0.86,"",2,2.1,8,0.9,94,11.1,60,7,43505,0.4,-23726,-1.3,-2061,-4.3,-47,-5.4
"2458",39000,5,"541860",58,0,2017,2,"",99,898,938,921,9752333,1738793,45761,816,"",1.25,0.55,0.57,0.57,0.48,0.58,0.49,0.86,"",2,2.1,8,0.9,94,11.1,60,7,43505,0.4,-23726,-1.3,-2061,-4.3,-47,-5.4
"2459",39000,5,"54187",57,0,2017,2,"",45,297,288,299,2498132,588901,16808,652,"",1.07,0.73,0.69,0.72,0.59,0.89,0.79,0.82,"",1,2.3,-52,-14.9,-56,-16.3,-57,-16,-512892,-17,-124040,-17.4,-5120,-23.3,-10,-1.5
"2460",39000,5,"541870",58,0,2017,2,"",45,297,288,299,2498132,588901,16808,652,"",1.07,0.73,0.69,0.72,0.59,0.89,0.79,0.82,"",1,2.3,-52,-14.9,-56,-16.3,-57,-16,-512892,-17,-124040,-17.4,-5120,-23.3,-10,-1.5
"2461",39000,5,"54189",57,0,2017,2,"",203,4750,4787,4796,29188285,10432980,227563,470,"",0.8,1.31,1.3,1.3,1.1,1.65,1.27,0.84,"",-7,-3.3,526,12.5,547,12.9,586,13.9,4191146,16.8,1405089,15.6,74119,48.3,15,3.3
"2462",39000,5,"541890",58,0,2017,2,"",203,4750,4787,4796,29188285,10432980,227563,470,"",0.8,1.31,1.3,1.3,1.1,1.65,1.27,0.84,"",-7,-3.3,526,12.5,547,12.9,586,13.9,4191146,16.8,1405089,15.6,74119,48.3,15,3.3
"2463",39000,5,"5419",56,0,2017,2,"",2140,23034,23169,23252,237526332,45605919,1050072,789,"",0.77,0.88,0.88,0.88,0.81,0.95,0.88,0.92,"",29,1.4,1289,5.9,1063,4.8,1227,5.6,12950598,5.8,794398,1.8,340564,48,2,0.3
"2464",39000,5,"54191",57,0,2017,2,"",274,4136,4173,4172,56778510,5238341,138438,1050,"",1.11,1.21,1.21,1.21,1,1.08,0.89,0.83,"",11,4.2,103,2.6,41,1,-37,-0.9,-3933116,-6.5,39889,0.8,21642,18.5,-82,-7.2
"2465",39000,5,"541910",58,0,2017,2,"",274,4136,4173,4172,56778510,5238341,138438,1050,"",1.11,1.21,1.21,1.21,1,1.08,0.89,0.83,"",11,4.2,103,2.6,41,1,-37,-0.9,-3933116,-6.5,39889,0.8,21642,18.5,-82,-7.2
"2466",39000,5,"54192",57,0,2017,2,"",408,2187,1919,1717,13504856,4224556,145229,535,"",1.01,1.02,0.99,0.93,1.02,1.17,0.94,1.04,"",-13,-3.1,202,10.2,-122,-6,-124,-6.7,-670051,-4.7,-399397,-8.6,3481,2.5,-23,-4.1
"2467",39000,5,"541921",58,0,2017,2,"",302,1818,1549,1344,9348909,3759776,132012,458,"",1,1.03,0.99,0.9,1.03,1.27,0.97,1.06,"",-14,-4.4,208,12.9,-104,-6.3,-97,-6.7,-20634,-0.2,-266494,-6.6,3741,2.9,-2,-0.4
"2468",39000,5,"541922",58,0,2017,2,"",106,369,370,373,4155947,464780,13217,862,"",1.01,1,1.01,1.03,1.01,0.7,0.73,0.99,"",1,1,-6,-1.6,-18,-4.6,-27,-6.8,-649417,-13.5,-132903,-22.2,-260,-1.9,-92,-9.6
"2469",39000,5,"54193",57,0,2017,2,"",83,1139,1171,1197,12285001,1921507,46286,808,"",0.77,0.85,0.85,0.87,0.91,0.78,0.67,1.06,"",6,7.8,48,4.4,71,6.5,107,9.8,923246,8.1,793,0,8438,22.3,9,1.1
"2470",39000,5,"541930",58,0,2017,2,"",83,1139,1171,1197,12285001,1921507,46286,808,"",0.77,0.85,0.85,0.87,0.91,0.78,0.67,1.06,"",6,7.8,48,4.4,71,6.5,107,9.8,923246,8.1,793,0,8438,22.3,9,1.1
"2471",39000,5,"54194",57,0,2017,2,"",1099,13681,13916,14117,120506897,29866775,469437,667,"",1.18,1,1,1,1.03,1.14,1.06,1.03,"",17,1.6,571,4.4,611,4.6,740,5.5,7099576,6.3,-548772,-1.8,156787,50.1,9,1.4
"2472",39000,5,"541940",58,0,2017,2,"",1099,13681,13916,14117,120506897,29866775,469437,667,"",1.18,1,1,1,1.03,1.14,1.06,1.03,"",17,1.6,571,4.4,611,4.6,740,5.5,7099576,6.3,-548772,-1.8,156787,50.1,9,1.4
"2473",39000,5,"54199",57,0,2017,2,"",276,1891,1990,2049,34451068,4354740,250682,1341,"",0.25,0.35,0.36,0.36,0.37,0.39,0.67,1.05,"",8,3,365,23.9,462,30.2,541,35.9,9530943,38.2,1701885,64.2,150216,149.5,80,6.3
"2474",39000,5,"541990",58,0,2017,2,"",276,1891,1990,2049,34451068,4354740,250682,1341,"",0.25,0.35,0.36,0.36,0.37,0.39,0.67,1.05,"",8,3,365,23.9,462,30.2,541,35.9,9530943,38.2,1701885,64.2,150216,149.5,80,6.3
"2475",39000,5,"55",54,0,2017,2,"",2148,141266,141413,143463,3542077776,200389063,4397210,1918,"",1.1,1.67,1.67,1.68,1.71,1.17,1.05,1.02,"",50,2.4,3542,2.6,3111,2.2,4268,3.1,188634342,5.6,-404661,-0.2,752901,20.7,54,2.9
"2476",39000,5,"551",55,0,2017,2,"",2148,141266,141413,143463,3542077776,200389063,4397210,1918,"",1.1,1.67,1.67,1.68,1.71,1.17,1.05,1.02,"",50,2.4,3542,2.6,3111,2.2,4268,3.1,188634342,5.6,-404661,-0.2,752901,20.7,54,2.9
"2477",39000,5,"5511",56,0,2017,2,"",2148,141266,141413,143463,3542077776,200389063,4397210,1918,"",1.1,1.67,1.67,1.68,1.71,1.17,1.05,1.02,"",50,2.4,3542,2.6,3111,2.2,4268,3.1,188634342,5.6,-404661,-0.2,752901,20.7,54,2.9
"2478",39000,5,"55111",57,0,2017,2,"",2148,141266,141413,143463,3542077776,200389063,4397210,1918,"",1.1,1.67,1.67,1.68,1.71,1.17,1.05,1.02,"",50,2.4,3542,2.6,3111,2.2,4268,3.1,188634342,5.6,-404661,-0.2,752901,20.7,54,2.9
"2479",39000,5,"551111",58,0,2017,2,"",19,93,93,93,2388212,81727,1785,1975,"",0.63,0.2,0.19,0.19,0.2,0.1,0.12,1.03,"",3,18.8,22,31,24,34.8,23,32.9,808863,51.2,-23841,-22.6,-258,-12.6,239,13.8
"2480",39000,5,"551112",58,0,2017,2,"",315,5214,5220,5322,148962729,5758445,112097,2182,"",1.16,1.95,1.94,1.96,1.79,1.53,1.21,0.92,"",31,10.9,233,4.7,236,4.7,233,4.6,40055713,36.8,1938321,50.7,45408,68.1,513,30.7
"2481",39000,5,"551114",58,0,2017,2,"",1814,135959,136100,138048,3390726835,194548891,4283328,1908,"",1.1,1.67,1.67,1.67,1.72,1.17,1.05,1.03,"",16,0.9,3287,2.5,2851,2.1,4012,3,147769766,4.6,-2319141,-1.2,707751,19.8,37,2
"2482",39000,5,"56",54,0,2017,2,"",17714,320469,327824,330245,2723732518,962223830,33207168,642,"",1.1,0.96,0.96,0.96,0.93,1.31,1.17,0.97,"",271,1.6,-6502,-2,-3429,-1,-3620,-1.1,69780184,2.6,-30245622,-3,2516139,8.2,25,4.1
"2483",39000,5,"561",55,0,2017,2,"",16688,304122,311329,313376,2485798258,939988504,32374432,618,"",1.1,0.96,0.96,0.96,0.91,1.34,1.19,0.96,"",243,1.5,-7052,-2.3,-3927,-1.2,-4229,-1.3,47243017,1.9,-30285578,-3.1,2421694,8.1,22,3.7
"2484",39000,5,"5611",56,0,2017,2,"",1557,19971,20050,20316,326601813,29617531,895742,1249,"",1.04,1.06,1.06,1.06,0.97,1.09,1.17,0.92,"",12,0.8,11,0.1,39,0.2,151,0.7,11496883,3.6,-3930505,-11.7,-51900,-5.5,40,3.3
"2485",39000,5,"56111",57,0,2017,2,"",1557,19971,20050,20316,326601813,29617531,895742,1249,"",1.04,1.06,1.06,1.06,0.97,1.09,1.17,0.92,"",12,0.8,11,0.1,39,0.2,151,0.7,11496883,3.6,-3930505,-11.7,-51900,-5.5,40,3.3
"2486",39000,5,"561110",58,0,2017,2,"",1557,19971,20050,20316,326601813,29617531,895742,1249,"",1.04,1.06,1.06,1.06,0.97,1.09,1.17,0.92,"",12,0.8,11,0.1,39,0.2,151,0.7,11496883,3.6,-3930505,-11.7,-51900,-5.5,40,3.3
"2487",39000,5,"5612",56,0,2017,2,"",167,3844,3912,4150,38182643,7661015,309863,740,"",0.97,0.7,0.71,0.75,0.65,0.73,0.86,0.91,"",12,7.7,374,10.8,457,13.2,481,13.1,6154123,19.2,100632,1.3,100926,48.3,42,6
"2488",39000,5,"56121",57,0,2017,2,"",167,3844,3912,4150,38182643,7661015,309863,740,"",0.97,0.7,0.71,0.75,0.65,0.73,0.86,0.91,"",12,7.7,374,10.8,457,13.2,481,13.1,6154123,19.2,100632,1.3,100926,48.3,42,6
"2489",39000,5,"561210",58,0,2017,2,"",167,3844,3912,4150,38182643,7661015,309863,740,"",0.97,0.7,0.71,0.75,0.65,0.73,0.86,0.91,"",12,7.7,374,10.8,457,13.2,481,13.1,6154123,19.2,100632,1.3,100926,48.3,42,6
"2490",39000,5,"5613",56,0,2017,2,"",3621,133245,135914,136222,987904315,493190777,15651174,562,"",1.15,1.04,1.04,1.03,0.96,1.55,1.15,0.93,"",57,1.6,-7336,-5.2,-4969,-3.5,-6317,-4.4,17932404,1.8,-13911802,-2.7,715421,4.8,34,6.4
"2491",39000,5,"56131",57,0,2017,2,"",906,10967,11612,11895,108041870,36940867,1351609,723,"",1.37,1.04,1.06,1.08,0.91,1.5,1.32,0.86,"",45,5.2,241,2.2,400,3.6,810,7.3,7904205,7.9,2464129,7.1,206338,18,23,3.3
"2492",39000,5,"561311",58,0,2017,2,"",632,9859,10412,10725,86214848,34428549,1247497,642,"",1.37,1.09,1.11,1.14,0.96,1.62,1.41,0.86,"",39,6.6,569,6.1,583,5.9,973,10,9587439,12.5,2986858,9.5,222550,21.7,30,4.9
"2493",39000,5,"561312",58,0,2017,2,"",274,1108,1200,1170,21827022,2512318,104112,1448,"",1.35,0.71,0.76,0.73,0.75,0.75,0.76,1.02,"",6,2.2,-328,-22.8,-183,-13.2,-163,-12.2,-1683234,-7.2,-522729,-17.2,-16212,-13.5,141,10.8
"2494",39000,5,"56132",57,0,2017,2,"",2012,113855,115640,115436,783222712,436374507,13582903,524,"",0.95,1.1,1.08,1.07,1.01,1.64,1.16,0.94,"",45,2.3,-6263,-5.2,-3936,-3.3,-5792,-4.8,16213216,2.1,-10042211,-2.2,638387,4.9,34,6.9
"2495",39000,5,"561320",58,0,2017,2,"",2012,113855,115640,115436,783222712,436374507,13582903,524,"",0.95,1.1,1.08,1.07,1.01,1.64,1.16,0.94,"",45,2.3,-6263,-5.2,-3936,-3.3,-5792,-4.8,16213216,2.1,-10042211,-2.2,638387,4.9,34,6.9
"2496",39000,5,"56133",57,0,2017,2,"",703,8423,8662,8891,96639733,19875403,716662,859,"",1.86,0.65,0.65,0.66,0.72,0.74,0.78,1.11,"",-33,-4.5,-1314,-13.5,-1433,-14.2,-1335,-13.1,-6185017,-6,-6333720,-24.2,-129304,-15.3,70,8.9
"2497",39000,5,"561330",58,0,2017,2,"",703,8423,8662,8891,96639733,19875403,716662,859,"",1.86,0.65,0.65,0.66,0.72,0.74,0.78,1.11,"",-33,-4.5,-1314,-13.5,-1433,-14.2,-1335,-13.1,-6185017,-6,-6333720,-24.2,-129304,-15.3,70,8.9
"2498",39000,5,"5614",56,0,2017,2,"",1247,34691,34634,34217,309182450,75670226,1943952,689,"",0.84,1.04,1.04,1.03,1.02,1.21,0.98,0.98,"",20,1.6,-573,-1.6,-323,-0.9,-765,-2.2,-7241358,-2.3,-8850314,-10.5,-20468,-1,-5,-0.7
"2499",39000,5,"56141",57,0,2017,2,"",185,1524,1532,1501,10698520,3256640,76614,542,"",0.87,0.86,0.85,0.84,0.8,1.05,0.91,0.94,"",-13,-6.6,-53,-3.4,-57,-3.6,-15,-1,-516172,-4.6,-331320,-9.2,9754,14.6,-11,-2
"2500",39000,5,"561410",58,0,2017,2,"",185,1524,1532,1501,10698520,3256640,76614,542,"",0.87,0.86,0.85,0.84,0.8,1.05,0.91,0.94,"",-13,-6.6,-53,-3.4,-57,-3.6,-15,-1,-516172,-4.6,-331320,-9.2,9754,14.6,-11,-2
"2501",39000,5,"56142",57,0,2017,2,"",305,19700,19713,19394,134382290,48404356,1128549,527,"",1.05,1.02,1.02,1.01,0.88,1.28,0.95,0.87,"",11,3.7,-97,-0.5,73,0.4,-507,-2.5,-3274907,-2.4,-5237613,-9.8,-9990,-0.9,-8,-1.5
"2502",39000,5,"561421",58,0,2017,2,"",65,784,797,788,7963985,1762720,32883,776,"",1.07,0.59,0.6,0.59,0.75,0.61,0.43,1.27,"",5,8.3,-10,-1.3,6,0.8,1,0.1,930551,13.2,52677,3.1,10354,46,92,13.5
"2503",39000,5,"561422",58,0,2017,2,"",240,18916,18916,18606,126418305,46641636,1095666,517,"",1.05,1.05,1.06,1.04,0.89,1.34,0.99,0.85,"",6,2.6,-87,-0.5,67,0.4,-508,-2.7,-4205458,-3.2,-5290290,-10.2,-20344,-1.8,-12,-2.3
"2504",39000,5,"56143",57,0,2017,2,"",289,2536,2538,2526,20800032,5159992,152089,632,"",0.9,0.87,0.86,0.86,0.85,1.02,1.06,0.98,"",4,1.4,-57,-2.2,-72,-2.8,-76,-2.9,318103,1.6,-984589,-16,-3118,-2,26,4.3
"2505",39000,5,"561431",58,0,2017,2,"",152,940,951,952,6467551,1997606,58688,525,"",1,0.97,0.98,0.98,1.14,1.13,1.31,1.17,"",7,4.8,118,14.4,114,13.6,127,15.4,974736,17.7,124565,6.7,20525,53.8,15,2.9
"2506",39000,5,"561439",58,0,2017,2,"",137,1596,1587,1574,14332481,3162386,93401,695,"",0.81,0.81,0.8,0.8,0.76,0.95,0.94,0.94,"",-3,-2.1,-175,-9.9,-186,-10.5,-203,-11.4,-656633,-4.4,-1109154,-26,-23643,-20.2,45,6.9
"2507",39000,5,"56144",57,0,2017,2,"",182,5818,5840,5778,64535670,11385855,409402,854,"",1.12,1.2,1.2,1.19,1.34,1.17,1.16,1.12,"",-12,-6.2,-457,-7.3,-402,-6.4,-435,-7,-2529870,-3.8,-2048242,-15.2,-66921,-14,28,3.4
"2508",39000,5,"561440",58,0,2017,2,"",182,5818,5840,5778,64535670,11385855,409402,854,"",1.12,1.2,1.2,1.19,1.34,1.17,1.16,1.12,"",-12,-6.2,-457,-7.3,-402,-6.4,-435,-7,-2529870,-3.8,-2048242,-15.2,-66921,-14,28,3.4
"2509",39000,5,"56145",57,0,2017,2,"",29,163,163,160,3649408,182905,4766,1733,"",0.81,0.21,0.21,0.2,0.18,0.21,0.15,0.88,"",5,20.8,8,5.2,7,4.5,5,3.2,393609,12.1,14493,8.6,-549,-10.3,121,7.5
"2510",39000,5,"561450",58,0,2017,2,"",29,163,163,160,3649408,182905,4766,1733,"",0.81,0.21,0.21,0.2,0.18,0.21,0.15,0.88,"",5,20.8,8,5.2,7,4.5,5,3.2,393609,12.1,14493,8.6,-549,-10.3,121,7.5
"2511",39000,5,"56149",57,0,2017,2,"",257,4950,4848,4858,75116530,7280478,172532,1183,"",0.56,1.36,1.34,1.34,1.67,1.19,0.94,1.24,"",25,10.8,83,1.7,128,2.7,263,5.7,-1632121,-2.1,-263043,-3.5,50356,41.2,-66,-5.3
"2512",39000,5,"561491",58,0,2017,2,"",29,440,432,432,4103745,905458,23849,726,"",1.05,1.56,1.53,1.54,1.74,1.9,1.59,1.13,"",2,7.4,85,23.9,75,21,72,20,1014066,32.8,-34368,-3.7,5136,27.4,61,9.2
"2513",39000,5,"561492",58,0,2017,2,"",67,266,263,256,3155663,355122,10611,928,"",0.74,0.7,0.68,0.66,0.73,0.59,0.71,1.07,"",-3,-4.3,-4,-1.5,-12,-4.4,5,2,-94757,-2.9,-4060,-1.1,4556,75.2,-14,-1.5
"2514",39000,5,"561499",58,0,2017,2,"",161,4244,4153,4170,67857122,6019898,138072,1246,"",0.48,1.42,1.4,1.41,1.77,1.19,0.9,1.25,"",26,19.3,2,0,65,1.6,186,4.7,-2551430,-3.6,-224615,-3.6,40664,41.7,-73,-5.5
"2515",39000,5,"5615",56,0,2017,2,"",605,3468,3588,3593,37521690,4772180,99443,813,"",0.92,0.42,0.43,0.43,0.36,0.32,0.26,0.83,"",21,3.6,7,0.2,47,1.3,-42,-1.2,1520171,4.2,-150209,-3.1,10721,12.1,32,4.1
"2516",39000,5,"56151",57,0,2017,2,"",346,1583,1586,1591,19733990,1770725,40788,957,"",0.84,0.46,0.46,0.46,0.41,0.28,0.26,0.89,"",9,2.7,5,0.3,3,0.2,-1,-0.1,848725,4.5,-32026,-1.8,7142,21.2,40,4.4
"2517",39000,5,"561510",58,0,2017,2,"",346,1583,1586,1591,19733990,1770725,40788,957,"",0.84,0.46,0.46,0.46,0.41,0.28,0.26,0.89,"",9,2.7,5,0.3,3,0.2,-1,-0.1,848725,4.5,-32026,-1.8,7142,21.2,40,4.4
"2518",39000,5,"56152",57,0,2017,2,"",48,284,368,359,2165400,877779,20220,494,"",0.54,0.27,0.33,0.32,0.18,0.37,0.31,0.6,"",3,6.7,1,0.4,19,5.4,-36,-9.1,179155,9,81844,10.3,4028,24.9,48,10.8
"2519",39000,5,"561520",58,0,2017,2,"",48,284,368,359,2165400,877779,20220,494,"",0.54,0.27,0.33,0.32,0.18,0.37,0.31,0.6,"",3,6.7,1,0.4,19,5.4,-36,-9.1,179155,9,81844,10.3,4028,24.9,48,10.8
"2520",39000,5,"56159",57,0,2017,2,"",211,1601,1634,1643,15622300,2123676,38435,739,"",1.37,0.43,0.44,0.44,0.34,0.34,0.25,0.78,"",9,4.5,1,0.1,25,1.6,-5,-0.3,492291,3.3,-200027,-8.6,-449,-1.2,20,2.8
"2521",39000,5,"561591",58,0,2017,2,"",53,387,408,419,4137487,508891,9496,786,"",1.81,1.11,1.15,1.14,1,0.94,0.73,0.88,"",0,0,2,0.5,25,6.5,6,1.5,238980,6.1,-118586,-18.9,-4109,-30.2,24,3.1
"2522",39000,5,"561599",58,0,2017,2,"",158,1214,1226,1224,11484813,1614785,28939,723,"",1.27,0.36,0.36,0.36,0.28,0.29,0.21,0.76,"",9,6,-1,-0.1,0,0,-11,-0.9,253311,2.3,-81441,-4.8,3660,14.5,18,2.6
"2523",39000,5,"5616",56,0,2017,2,"",1135,23256,23587,23696,166384976,58090113,1446888,544,"",1.15,0.68,0.69,0.69,0.68,0.9,0.72,0.98,"",19,1.7,-261,-1.1,-297,-1.2,273,1.2,8357780,5.3,-4664935,-7.4,168366,13.2,29,5.6
"2524",39000,5,"56161",57,0,2017,2,"",694,19132,19387,19458,111180582,52894644,1308184,443,"",1.16,0.67,0.67,0.67,0.62,0.96,0.74,0.93,"",22,3.3,-47,-0.2,-173,-0.9,259,1.3,4580328,4.3,-3856473,-6.8,181937,16.2,18,4.2
"2525",39000,5,"561611",58,0,2017,2,"",131,753,749,764,8780498,1262911,35795,894,"",0.87,0.56,0.55,0.55,0.67,0.56,0.48,1.21,"",6,4.8,89,13.4,92,14,89,13.2,982081,12.6,125217,11,8124,29.4,-8,-0.9
"2526",39000,5,"561612",58,0,2017,2,"",528,17439,17703,17786,94488941,50057629,1233313,412,"",1.24,0.66,0.67,0.67,0.6,0.99,0.76,0.9,"",13,2.5,-140,-0.8,-263,-1.5,181,1,4015374,4.4,-3546465,-6.6,174605,16.5,19,4.8
"2527",39000,5,"561613",58,0,2017,2,"",35,940,935,908,7911143,1574104,39076,656,"",1.57,0.84,0.84,0.82,0.85,0.73,0.67,1.03,"",3,9.4,4,0.4,-2,-0.2,-11,-1.2,-417127,-5,-435225,-21.7,-792,-2,-32,-4.7
"2528",39000,5,"56162",57,0,2017,2,"",441,4124,4200,4238,55204394,5195469,138704,1014,"",1.14,0.79,0.8,0.8,0.82,0.54,0.58,1.04,"",-3,-0.7,-214,-4.9,-124,-2.9,14,0.3,3777452,7.3,-808462,-13.5,-13571,-8.9,93,10.1
"2529",39000,5,"561621",58,0,2017,2,"",341,3620,3701,3736,49932380,4554804,122073,1042,"",1.27,0.79,0.8,0.8,0.82,0.53,0.56,1.03,"",-2,-0.6,-206,-5.4,-97,-2.6,13,0.3,3878671,8.4,-602413,-11.7,-10095,-7.6,105,11.2
"2530",39000,5,"561622",58,0,2017,2,"",100,504,499,502,5272014,640665,16631,808,"",0.85,0.81,0.79,0.8,0.89,0.58,0.74,1.11,"",-1,-1,-8,-1.6,-27,-5.1,1,0.2,-101219,-1.9,-206049,-24.3,-3476,-17.3,2,0.2
"2531",39000,5,"5617",56,0,2017,2,"",7609,74860,78604,80028,513284287,247196835,11288697,507,"",1.18,0.95,0.97,0.97,0.98,1.39,1.55,1.01,"",98,1.3,838,1.1,841,1.1,1561,2,28556447,5.9,3007608,1.2,1501629,15.3,21,4.3
"2532",39000,5,"56171",57,0,2017,2,"",327,2511,2654,2730,26785195,5674010,201962,783,"",0.75,0.57,0.58,0.59,0.61,0.68,0.81,1.05,"",15,4.8,134,5.6,111,4.4,151,5.9,1397569,5.5,153069,2.8,21849,12.1,2,0.3
"2533",39000,5,"561710",58,0,2017,2,"",327,2511,2654,2730,26785195,5674010,201962,783,"",0.75,0.57,0.58,0.59,0.61,0.68,0.81,1.05,"",15,4.8,134,5.6,111,4.4,151,5.9,1397569,5.5,153069,2.8,21849,12.1,2,0.3
"2534",39000,5,"56172",57,0,2017,2,"",2449,36911,37072,36727,174337509,93878643,2186614,363,"",1.16,0.92,0.91,0.91,0.86,1.24,1.08,0.94,"",9,0.4,-118,-0.3,-10,0,162,0.4,3390385,2,-1967535,-2.1,345879,18.8,7,2
"2535",39000,5,"561720",58,0,2017,2,"",2449,36911,37072,36727,174337509,93878643,2186614,363,"",1.16,0.92,0.91,0.91,0.86,1.24,1.08,0.94,"",9,0.4,-118,-0.3,-10,0,162,0.4,3390385,2,-1967535,-2.1,345879,18.8,7,2
"2536",39000,5,"56173",57,0,2017,2,"",4145,30697,33871,35392,266110951,134504019,8324508,614,"",1.3,1.05,1.08,1.1,1.11,1.61,1.82,1.03,"",86,2.1,1046,3.5,950,2.9,1392,4.1,21595546,8.8,6038525,4.7,1100356,15.2,30,5.1
"2537",39000,5,"561730",58,0,2017,2,"",4145,30697,33871,35392,266110951,134504019,8324508,614,"",1.3,1.05,1.08,1.1,1.11,1.61,1.82,1.03,"",86,2.1,1046,3.5,950,2.9,1392,4.1,21595546,8.8,6038525,4.7,1100356,15.2,30,5.1
"2538",39000,5,"56174",57,0,2017,2,"",290,1853,1927,1990,15991917,4912300,150557,640,"",1.22,1.23,1.25,1.27,1.41,1.44,1.45,1.13,"",-6,-2,15,0.8,9,0.5,40,2.1,1754974,12.3,-559524,-10.2,3006,2,64,11.1
"2539",39000,5,"561740",58,0,2017,2,"",290,1853,1927,1990,15991917,4912300,150557,640,"",1.22,1.23,1.25,1.27,1.41,1.44,1.45,1.13,"",-6,-2,15,0.8,9,0.5,40,2.1,1754974,12.3,-559524,-10.2,3006,2,64,11.1
"2540",39000,5,"56179",57,0,2017,2,"",398,2888,3080,3189,30058715,8227863,425056,758,"",0.86,0.9,0.88,0.83,1.04,1.14,1.3,1.19,"",-6,-1.5,-239,-7.6,-219,-6.6,-184,-5.5,417973,1.4,-656927,-7.4,30539,7.7,60,8.6
"2541",39000,5,"561790",58,0,2017,2,"",398,2888,3080,3189,30058715,8227863,425056,758,"",0.86,0.9,0.88,0.83,1.04,1.14,1.3,1.19,"",-6,-1.5,-239,-7.6,-219,-6.6,-184,-5.5,417973,1.4,-656927,-7.4,30539,7.7,60,8.6
"2542",39000,5,"5619",56,0,2017,2,"",747,10787,11040,11154,106736084,23789827,738673,747,"",0.9,0.92,0.92,0.93,0.91,1.02,0.78,0.98,"",4,0.5,-112,-1,278,2.6,429,4,-19533433,-15.5,-1886053,-7.3,-3001,-0.4,-153,-17
"2543",39000,5,"56191",57,0,2017,2,"",118,2278,2289,2291,21483636,4990789,123065,723,"",1.58,1.08,1.07,1.06,1.1,1.16,0.92,1.03,"",-4,-3.3,-232,-9.2,-24,-1,-3,-0.1,235513,1.1,-415862,-7.7,9846,8.7,34,4.9
"2544",39000,5,"561910",58,0,2017,2,"",118,2278,2289,2291,21483636,4990789,123065,723,"",1.58,1.08,1.07,1.06,1.1,1.16,0.92,1.03,"",-4,-3.3,-232,-9.2,-24,-1,-3,-0.1,235513,1.1,-415862,-7.7,9846,8.7,34,4.9
"2545",39000,5,"56192",57,0,2017,2,"",112,814,866,884,11511534,960839,38876,1036,"",0.81,0.4,0.41,0.43,0.48,0.22,0.17,1.15,"",5,4.7,-23,-2.7,53,6.5,69,8.5,439075,4,9277,1,17027,77.9,-1,-0.1
"2546",39000,5,"561920",58,0,2017,2,"",112,814,866,884,11511534,960839,38876,1036,"",0.81,0.4,0.41,0.43,0.48,0.22,0.17,1.15,"",5,4.7,-23,-2.7,53,6.5,69,8.5,439075,4,9277,1,17027,77.9,-1,-0.1
"2547",39000,5,"56199",57,0,2017,2,"",517,7695,7885,7979,73740914,17838199,576732,722,"",0.84,1.02,1.02,1.02,1,1.21,1.01,0.98,"",3,0.6,143,1.9,249,3.3,363,4.8,-20208021,-21.5,-1479468,-7.7,-29874,-4.9,-229,-24.1
"2548",39000,5,"561990",58,0,2017,2,"",517,7695,7885,7979,73740914,17838199,576732,722,"",0.84,1.02,1.02,1.02,1,1.21,1.01,0.98,"",3,0.6,143,1.9,249,3.3,363,4.8,-20208021,-21.5,-1479468,-7.7,-29874,-4.9,-229,-24.1
"2549",39000,5,"562",55,0,2017,2,"",1026,16347,16495,16869,237934260,22235326,832736,1105,"",1.23,1.07,1.07,1.08,1.2,0.68,0.76,1.12,"",28,2.8,550,3.5,498,3.1,609,3.7,22537167,10.5,39956,0.2,94445,12.8,71,6.9
"2550",39000,5,"5621",56,0,2017,2,"",394,5684,5717,5792,69194463,8378502,248740,929,"",1.19,0.89,0.88,0.88,0.91,0.64,0.7,1.03,"",8,2.1,270,5,234,4.3,246,4.4,6459221,10.3,320624,4,44690,21.9,49,5.6
"2551",39000,5,"56211",57,0,2017,2,"",394,5684,5717,5792,69194463,8378502,248740,929,"",1.19,0.89,0.88,0.88,0.91,0.64,0.7,1.03,"",8,2.1,270,5,234,4.3,246,4.4,6459221,10.3,320624,4,44690,21.9,49,5.6
"2552",39000,5,"562111",58,0,2017,2,"",323,5019,5056,5119,60507597,7365023,216201,919,"",1.2,0.9,0.9,0.9,0.92,0.64,0.72,1.02,"",10,3.2,216,4.5,190,3.9,180,3.6,4795515,8.6,299231,4.2,40186,22.8,39,4.4
"2553",39000,5,"562112",58,0,2017,2,"",26,204,196,194,3146945,202508,9572,1223,"",1.26,0.5,0.48,0.47,0.55,0.33,0.45,1.15,"",2,8.3,37,22.2,32,19.5,37,23.6,1099523,53.7,44932,28.5,4687,95.9,255,26.3
"2554",39000,5,"562119",58,0,2017,2,"",45,461,465,479,5539921,810971,22967,910,"",1.08,1.08,1.06,1.07,1.23,0.83,0.69,1.15,"",-4,-8.2,17,3.8,12,2.6,29,6.4,564183,11.3,-23539,-2.8,-183,-0.8,58,6.8
"2555",39000,5,"5622",56,0,2017,2,"",196,4837,4866,4887,80042621,4956168,161193,1266,"",1.67,1.36,1.35,1.35,1.43,0.77,1.01,1.06,"",4,2.1,154,3.3,167,3.6,197,4.2,10073322,14.4,244571,5.2,30388,23.2,119,10.4
"2556",39000,5,"56221",57,0,2017,2,"",196,4837,4866,4887,80042621,4956168,161193,1266,"",1.67,1.36,1.35,1.35,1.43,0.77,1.01,1.06,"",4,2.1,154,3.3,167,3.6,197,4.2,10073322,14.4,244571,5.2,30388,23.2,119,10.4
"2557",39000,5,"562211",58,0,2017,2,"",46,1525,1546,1539,23021715,1359450,38651,1152,"",1.49,1.18,1.19,1.17,1.07,0.48,0.64,0.9,"",2,4.5,88,6.1,98,6.8,79,5.4,1760778,8.3,103578,8.2,9620,33.1,23,2
"2558",39000,5,"562212",58,0,2017,2,"",102,2219,2220,2231,34554632,1893329,68587,1196,"",2.09,1.58,1.54,1.54,1.59,0.9,1.2,1.02,"",-2,-1.9,-12,-0.5,-5,-0.2,24,1.1,113769,0.3,-242621,-11.4,4380,6.8,3,0.3
"2559",39000,5,"562213",58,0,2017,2,"",8,152,148,161,2301886,143541,4424,1152,"",1.46,0.76,0.74,0.8,0.62,0.7,0.94,0.81,"",1,14.3,10,7,3,2.1,9,5.9,556709,31.9,3843,2.8,1337,43.3,235,25.6
"2560",39000,5,"562219",58,0,2017,2,"",40,941,952,956,20164388,1559848,49531,1633,"",1.26,1.46,1.47,1.46,2.28,1.19,1.34,1.56,"",3,8.1,68,7.8,71,8.1,85,9.8,7642066,61,379771,32.2,15051,43.7,532,48.3
"2561",39000,5,"5629",56,0,2017,2,"",436,5826,5912,6190,88697176,8900656,422803,1142,"",1.12,1.11,1.1,1.13,1.33,0.68,0.72,1.19,"",16,3.8,126,2.2,97,1.7,166,2.8,6004624,7.3,-525239,-5.6,19367,4.8,54,5
"2562",39000,5,"56291",57,0,2017,2,"",217,3658,3692,3903,63136871,4645755,261515,1295,"",1.14,1.21,1.2,1.23,1.5,0.57,0.65,1.24,"",8,3.8,1,0,-64,-1.7,15,0.4,2462194,4.1,-695105,-13,11343,4.5,56,4.5
"2563",39000,5,"562910",58,0,2017,2,"",217,3658,3692,3903,63136871,4645755,261515,1295,"",1.14,1.21,1.2,1.23,1.5,0.57,0.65,1.24,"",8,3.8,1,0,-64,-1.7,15,0.4,2462194,4.1,-695105,-13,11343,4.5,56,4.5
"2564",39000,5,"56292",57,0,2017,2,"",29,550,556,580,6200388,694946,24222,849,"",0.79,0.84,0.84,0.88,0.91,0.52,0.55,1.07,"",7,31.8,111,25.3,118,26.9,146,33.6,1528624,32.7,142572,25.8,5928,32.4,27,3.3
"2565",39000,5,"562920",58,0,2017,2,"",29,550,556,580,6200388,694946,24222,849,"",0.79,0.84,0.84,0.88,0.91,0.52,0.55,1.07,"",7,31.8,111,25.3,118,26.9,146,33.6,1528624,32.7,142572,25.8,5928,32.4,27,3.3
"2566",39000,5,"56299",57,0,2017,2,"",190,1618,1664,1707,19359917,3559955,137066,896,"",1.16,1.03,1.03,1.04,1.09,0.97,1,1.05,"",1,0.5,14,0.9,43,2.7,5,0.3,2013806,11.6,27294,0.8,2096,1.6,84,10.3
"2567",39000,5,"562991",58,0,2017,2,"",127,928,982,1019,10441580,2307434,86698,823,"",1.17,1,1.02,1.03,1.08,1,0.98,1.06,"",1,0.8,21,2.3,57,6.2,50,5.2,1585192,17.9,94856,4.3,11714,15.6,93,12.7
"2568",39000,5,"562998",58,0,2017,2,"",63,690,682,688,8918337,1252521,50368,999,"",1.16,1.08,1.05,1.06,1.1,0.92,1.04,1.03,"",0,0,-7,-1,-14,-2,-45,-6.1,428614,5,-67562,-5.1,-9618,-16,77,8.4
"2569",39000,5,"61",54,0,2017,2,"",3239,100199,98521,91544,856474364,52744054,1446589,681,"",0.92,0.92,0.91,0.9,0.73,0.69,0.71,0.8,"",71,2.2,194,0.2,148,0.2,809,0.9,4209923,0.5,-3654731,-6.5,33195,2.3,1,0.1
"2570",39000,5,"611",55,0,2017,2,"",3239,100199,98521,91544,856474364,52744054,1446589,681,"",0.92,0.92,0.91,0.9,0.73,0.69,0.71,0.8,"",71,2.2,194,0.2,148,0.2,809,0.9,4209923,0.5,-3654731,-6.5,33195,2.3,1,0.1
"2571",39000,5,"6111",56,0,2017,2,"",578,35924,36241,35466,264588364,8038306,195211,567,"",1.07,1.17,1.16,1.21,0.94,0.34,0.38,0.8,"",-9,-1.5,204,0.6,297,0.8,387,1.1,6272559,2.4,-983816,-10.9,12732,7,9,1.6
"2572",39000,5,"61111",57,0,2017,2,"",578,35924,36241,35466,264588364,8038306,195211,567,"",1.07,1.17,1.16,1.21,0.94,0.34,0.38,0.8,"",-9,-1.5,204,0.6,297,0.8,387,1.1,6272559,2.4,-983816,-10.9,12732,7,9,1.6
"2573",39000,5,"611110",58,0,2017,2,"",578,35924,36241,35466,264588364,8038306,195211,567,"",1.07,1.17,1.16,1.21,0.94,0.34,0.38,0.8,"",-9,-1.5,204,0.6,297,0.8,387,1.1,6272559,2.4,-983816,-10.9,12732,7,9,1.6
"2574",39000,5,"6112",56,0,2017,2,"",54,1410,1413,1366,12068489,2367099,81936,665,"",2.03,1.3,1.34,1.35,1.23,1.59,1.36,0.92,"",-17,-23.9,-778,-35.6,-761,-35,-757,-35.7,-6497653,-35,-1799337,-43.2,-53805,-39.6,4,0.6
"2575",39000,5,"61121",57,0,2017,2,"",54,1410,1413,1366,12068489,2367099,81936,665,"",2.03,1.3,1.34,1.35,1.23,1.59,1.36,0.92,"",-17,-23.9,-778,-35.6,-761,-35,-757,-35.7,-6497653,-35,-1799337,-43.2,-53805,-39.6,4,0.6
"2576",39000,5,"611210",58,0,2017,2,"",54,1410,1413,1366,12068489,2367099,81936,665,"",2.03,1.3,1.34,1.35,1.23,1.59,1.36,0.92,"",-17,-23.9,-778,-35.6,-761,-35,-757,-35.7,-6497653,-35,-1799337,-43.2,-53805,-39.6,4,0.6
"2577",39000,5,"6113",56,0,2017,2,"",237,38459,36016,31132,431228444,5217667,170788,942,"",0.89,0.8,0.77,0.72,0.65,0.51,0.66,0.86,"",6,2.6,43,0.1,-231,-0.6,-125,-0.4,590201,0.1,-1532053,-22.7,-53110,-23.7,4,0.4
"2578",39000,5,"61131",57,0,2017,2,"",237,38459,36016,31132,431228444,5217667,170788,942,"",0.89,0.8,0.77,0.72,0.65,0.51,0.66,0.86,"",6,2.6,43,0.1,-231,-0.6,-125,-0.4,590201,0.1,-1532053,-22.7,-53110,-23.7,4,0.4
"2579",39000,5,"611310",58,0,2017,2,"",237,38459,36016,31132,431228444,5217667,170788,942,"",0.89,0.8,0.77,0.72,0.65,0.51,0.66,0.86,"",6,2.6,43,0.1,-231,-0.6,-125,-0.4,590201,0.1,-1532053,-22.7,-53110,-23.7,4,0.4
"2580",39000,5,"6114",56,0,2017,2,"",326,1569,1604,1611,20048164,2191213,74424,967,"",1.01,0.63,0.63,0.63,0.52,0.53,0.61,0.82,"",17,5.5,-69,-4.2,-57,-3.4,-35,-2.1,-386905,-1.9,-205375,-8.6,-2253,-2.9,13,1.4
"2581",39000,5,"61141",57,0,2017,2,"",13,220,231,213,2130124,401097,26090,740,"",1.23,0.82,0.85,0.8,0.91,0.81,1.19,1.11,"",0,0,-84,-27.6,-76,-24.8,-97,-31.3,-300060,-12.3,-209394,-34.3,-8026,-23.5,131,21.5
"2582",39000,5,"611410",58,0,2017,2,"",13,220,231,213,2130124,401097,26090,740,"",1.23,0.82,0.85,0.8,0.91,0.81,1.19,1.11,"",0,0,-84,-27.6,-76,-24.8,-97,-31.3,-300060,-12.3,-209394,-34.3,-8026,-23.5,131,21.5
"2583",39000,5,"61142",57,0,2017,2,"",79,438,443,470,7526360,411723,16682,1286,"",1.01,0.74,0.74,0.75,0.72,0.33,0.48,0.97,"",1,1.3,41,10.3,38,9.4,77,19.6,336872,4.7,-3898,-0.9,2341,16.3,-102,-7.3
"2584",39000,5,"611420",58,0,2017,2,"",79,438,443,470,7526360,411723,16682,1286,"",1.01,0.74,0.74,0.75,0.72,0.33,0.48,0.97,"",1,1.3,41,10.3,38,9.4,77,19.6,336872,4.7,-3898,-0.9,2341,16.3,-102,-7.3
"2585",39000,5,"61143",57,0,2017,2,"",234,911,930,928,10391680,1378393,31652,866,"",1,0.56,0.56,0.56,0.4,0.57,0.48,0.72,"",16,7.3,-26,-2.8,-19,-2,-15,-1.6,-423717,-3.9,7917,0.6,3432,12.2,-16,-1.8
"2586",39000,5,"611430",58,0,2017,2,"",234,911,930,928,10391680,1378393,31652,866,"",1,0.56,0.56,0.56,0.4,0.57,0.48,0.72,"",16,7.3,-26,-2.8,-19,-2,-15,-1.6,-423717,-3.9,7917,0.6,3432,12.2,-16,-1.8
"2587",39000,5,"6115",56,0,2017,2,"",335,3071,2997,2821,30275975,5450469,175214,786,"",1.18,0.74,0.72,0.69,0.71,0.79,0.74,0.99,"",21,6.7,-139,-4.3,-7,-0.2,-71,-2.5,1589245,5.5,-211673,-3.7,15434,9.7,59,8.1
"2588",39000,5,"61151",57,0,2017,2,"",335,3071,2997,2821,30275975,5450469,175214,786,"",1.18,0.74,0.72,0.69,0.71,0.79,0.74,0.99,"",21,6.7,-139,-4.3,-7,-0.2,-71,-2.5,1589245,5.5,-211673,-3.7,15434,9.7,59,8.1
"2589",39000,5,"611511",58,0,2017,2,"",67,616,616,623,4661522,1360651,43889,580,"",1.25,0.93,0.94,0.95,0.95,1.05,0.95,1.01,"",0,0,-75,-10.9,-77,-11.1,-61,-8.9,-166969,-3.5,-146761,-9.7,5038,13,41,7.6
"2590",39000,5,"611512",58,0,2017,2,"",27,353,352,349,6224516,378445,10253,1363,"",0.74,0.53,0.52,0.51,0.65,0.37,0.45,1.25,"",5,22.7,-2,-0.6,6,1.7,-8,-2.2,376208,6.4,20480,5.7,195,1.9,87,6.8
"2591",39000,5,"611513",58,0,2017,2,"",86,654,584,441,5896703,1074436,37320,810,"",2.07,1.17,1.07,0.93,1.04,1.14,1.23,0.97,"",1,1.2,-49,-7,-23,-3.8,-47,-9.6,306300,5.5,-51721,-4.6,3665,10.9,92,12.8
"2592",39000,5,"611519",58,0,2017,2,"",155,1448,1445,1408,13493234,2636937,83752,724,"",1.02,0.64,0.64,0.63,0.61,0.73,0.62,0.96,"",15,10.7,-13,-0.9,87,6.4,45,3.3,1073706,8.6,-33671,-1.3,6536,8.5,39,5.7
"2593",39000,5,"6116",56,0,2017,2,"",1248,11027,11190,10447,41910501,17395033,366972,296,"",0.8,0.7,0.7,0.66,0.56,0.83,0.68,0.82,"",26,2.1,143,1.3,265,2.4,331,3.3,248673,0.6,143987,0.8,73089,24.9,-5,-1.7
"2594",39000,5,"61161",57,0,2017,2,"",382,3313,3289,2719,12564639,4196040,80841,311,"",0.95,0.89,0.88,0.82,0.82,0.94,0.7,0.94,"",3,0.8,166,5.3,157,5,57,2.1,449827,3.7,135896,3.3,26041,47.5,-2,-0.6
"2595",39000,5,"611610",58,0,2017,2,"",382,3313,3289,2719,12564639,4196040,80841,311,"",0.95,0.89,0.88,0.82,0.82,0.94,0.7,0.94,"",3,0.8,166,5.3,157,5,57,2.1,449827,3.7,135896,3.3,26041,47.5,-2,-0.6
"2596",39000,5,"61162",57,0,2017,2,"",360,3579,3678,3703,12749807,5774968,121883,268,"",0.74,0.76,0.76,0.72,0.65,0.9,0.89,0.87,"",9,2.6,376,11.7,349,10.5,353,10.5,1457177,12.9,713168,14.1,39151,47.3,4,1.5
"2597",39000,5,"611620",58,0,2017,2,"",360,3579,3678,3703,12749807,5774968,121883,268,"",0.74,0.76,0.76,0.72,0.65,0.9,0.89,0.87,"",9,2.6,376,11.7,349,10.5,353,10.5,1457177,12.9,713168,14.1,39151,47.3,4,1.5
"2598",39000,5,"61163",57,0,2017,2,"",36,318,315,299,1426904,606096,10500,353,"",0.66,0.43,0.43,0.43,0.37,0.6,0.35,0.86,"",2,5.9,-3,-0.9,2,0.6,3,1,-170458,-10.7,-73129,-10.8,2880,37.8,-43,-10.9
"2599",39000,5,"611630",58,0,2017,2,"",36,318,315,299,1426904,606096,10500,353,"",0.66,0.43,0.43,0.43,0.37,0.6,0.35,0.86,"",2,5.9,-3,-0.9,2,0.6,3,1,-170458,-10.7,-73129,-10.8,2880,37.8,-43,-10.9
"2600",39000,5,"61169",57,0,2017,2,"",470,3817,3908,3726,15169151,6817929,153748,306,"",0.75,0.57,0.58,0.57,0.42,0.75,0.59,0.74,"",12,2.6,-396,-9.4,-243,-5.9,-82,-2.2,-1487873,-8.9,-631948,-8.5,5017,3.4,-10,-3.2
"2601",39000,5,"611691",58,0,2017,2,"",211,2256,2365,2148,8716208,3509438,85939,297,"",0.77,0.63,0.66,0.64,0.52,0.86,0.67,0.8,"",5,2.4,-429,-16,-278,-10.5,-127,-5.6,-1740719,-16.6,-692136,-16.5,-11856,-12.1,-20,-6.3
"2602",39000,5,"611692",58,0,2017,2,"",133,865,866,875,3158053,2145725,38044,280,"",1.77,1.52,1.48,1.45,1.11,2,1.49,0.75,"",-1,-0.7,-27,-3,-26,-2.9,-48,-5.2,83205,2.7,-27922,-1.3,6936,22.3,18,6.9
"2603",39000,5,"611699",58,0,2017,2,"",126,696,677,703,3294890,1162766,29765,366,"",0.46,0.27,0.26,0.27,0.2,0.29,0.28,0.77,"",8,6.8,60,9.4,61,9.9,93,15.2,169641,5.4,88110,8.2,9937,50.1,-21,-5.4
"2604",39000,5,"6117",56,0,2017,2,"",461,8739,9060,8701,56354427,12084267,382044,491,"",0.89,1.49,1.53,1.49,0.9,1.43,1.21,0.6,"",27,6.2,790,9.9,642,7.6,1079,14.2,2393803,4.4,933536,8.4,41108,12.1,-28,-5.4
"2605",39000,5,"61171",57,0,2017,2,"",461,8739,9060,8701,56354427,12084267,382044,491,"",0.89,1.49,1.53,1.49,0.9,1.43,1.21,0.6,"",27,6.2,790,9.9,642,7.6,1079,14.2,2393803,4.4,933536,8.4,41108,12.1,-28,-5.4
"2606",39000,5,"611710",58,0,2017,2,"",461,8739,9060,8701,56354427,12084267,382044,491,"",0.89,1.49,1.53,1.49,0.9,1.43,1.21,0.6,"",27,6.2,790,9.9,642,7.6,1079,14.2,2393803,4.4,933536,8.4,41108,12.1,-28,-5.4
"2607",39000,5,"62",54,0,2017,2,"",30800,798489,802279,803853,9166845263,978230390,21341142,880,"",0.67,1.11,1.11,1.11,1.18,1.16,1.05,1.06,"",448,1.5,8667,1.1,8644,1.1,12069,1.5,389838771,4.4,-27715707,-2.8,3890856,22.3,27,3.2
"2608",39000,5,"621",55,0,2017,2,"",20612,266757,268381,268419,3796158629,426510493,9252042,1090,"",1.16,0.99,0.99,0.99,1.06,1.05,1.01,1.07,"",152,0.7,3898,1.5,4359,1.7,5857,2.2,206863295,5.8,-16401183,-3.7,1729430,23,41,3.9
"2609",39000,5,"6211",56,0,2017,2,"",6997,91473,92070,91810,2143021242,114702899,2178196,1796,"",1.08,0.96,0.96,0.96,1.18,0.89,0.8,1.23,"",-21,-0.3,1798,2,1957,2.2,2286,2.6,156525113,7.9,-7846035,-6.4,498023,29.6,94,5.5
"2610",39000,5,"62111",57,0,2017,2,"",6997,91473,92070,91810,2143021242,114702899,2178196,1796,"",1.08,0.96,0.96,0.96,1.18,0.89,0.8,1.23,"",-21,-0.3,1798,2,1957,2.2,2286,2.6,156525113,7.9,-7846035,-6.4,498023,29.6,94,5.5
"2611",39000,5,"621111",58,0,2017,2,"",6715,89770,90363,90105,2117464121,111566109,2108095,1808,"",1.09,0.96,0.96,0.96,1.18,0.88,0.8,1.23,"",-30,-0.4,1754,2,1937,2.2,2243,2.6,154376885,7.9,-7790689,-6.5,478848,29.4,94,5.5
"2612",39000,5,"621112",58,0,2017,2,"",282,1703,1707,1705,25557121,3136790,70101,1153,"",0.89,0.84,0.83,0.83,0.97,0.96,0.97,1.16,"",9,3.3,44,2.7,20,1.2,43,2.6,2148228,9.2,-55346,-1.7,19175,37.7,74,6.9
"2613",39000,5,"6212",56,0,2017,2,"",4015,31876,32179,32240,380164830,57763473,1097907,911,"",1.02,0.92,0.92,0.92,0.99,0.87,0.81,1.07,"",-31,-0.8,135,0.4,250,0.8,486,1.5,7499415,2,-1405293,-2.4,201625,22.5,10,1.1
"2614",39000,5,"62121",57,0,2017,2,"",4015,31876,32179,32240,380164830,57763473,1097907,911,"",1.02,0.92,0.92,0.92,0.99,0.87,0.81,1.07,"",-31,-0.8,135,0.4,250,0.8,486,1.5,7499415,2,-1405293,-2.4,201625,22.5,10,1.1
"2615",39000,5,"621210",58,0,2017,2,"",4015,31876,32179,32240,380164830,57763473,1097907,911,"",1.02,0.92,0.92,0.92,0.99,0.87,0.81,1.07,"",-31,-0.8,135,0.4,250,0.8,486,1.5,7499415,2,-1405293,-2.4,201625,22.5,10,1.1
"2616",39000,5,"6213",56,0,2017,2,"",5060,32731,32780,32698,301774667,59440028,1419525,709,"",1.19,1,0.99,0.99,1,0.99,1.11,1.01,"",131,2.7,657,2,540,1.7,736,2.3,1709892,0.6,-3058940,-4.9,238705,20.2,-10,-1.4
"2617",39000,5,"62131",57,0,2017,2,"",1317,5439,5500,5465,42920742,12606684,265908,604,"",1.14,1.08,1.08,1.08,1.16,1.22,1.23,1.07,"",5,0.4,95,1.8,141,2.6,145,2.7,1479861,3.6,-166095,-1.3,60409,29.4,7,1.2
"2618",39000,5,"621310",58,0,2017,2,"",1317,5439,5500,5465,42920742,12606684,265908,604,"",1.14,1.08,1.08,1.08,1.16,1.22,1.23,1.07,"",5,0.4,95,1.8,141,2.6,145,2.7,1479861,3.6,-166095,-1.3,60409,29.4,7,1.2
"2619",39000,5,"62132",57,0,2017,2,"",845,5713,5735,5778,52784805,11619643,211327,707,"",1.36,1.15,1.14,1.15,1.17,1.19,1.17,1.02,"",-4,-0.5,135,2.4,118,2.1,187,3.3,2761032,5.5,-523401,-4.3,62447,41.9,19,2.8
"2620",39000,5,"621320",58,0,2017,2,"",845,5713,5735,5778,52784805,11619643,211327,707,"",1.36,1.15,1.14,1.15,1.17,1.19,1.17,1.02,"",-4,-0.5,135,2.4,118,2.1,187,3.3,2761032,5.5,-523401,-4.3,62447,41.9,19,2.8
"2621",39000,5,"62133",57,0,2017,2,"",410,2010,2008,1992,18227601,3701570,95076,700,"",0.76,0.6,0.59,0.59,0.63,0.61,0.65,1.06,"",-2,-0.5,-28,-1.4,-38,-1.9,-15,-0.7,-81919,-0.4,-22412,-0.6,15258,19.1,6,0.9
"2622",39000,5,"621330",58,0,2017,2,"",410,2010,2008,1992,18227601,3701570,95076,700,"",0.76,0.6,0.59,0.59,0.63,0.61,0.65,1.06,"",-2,-0.5,-28,-1.4,-38,-1.9,-15,-0.7,-81919,-0.4,-22412,-0.6,15258,19.1,6,0.9
"2623",39000,5,"62134",57,0,2017,2,"",1043,13765,13774,13704,135278825,19474223,441796,757,"",0.97,0.97,0.96,0.96,0.97,0.81,0.89,1,"",51,5.1,149,1.1,111,0.8,226,1.7,-4325956,-3.1,-2207990,-10.2,35403,8.7,-33,-4.2
"2624",39000,5,"621340",58,0,2017,2,"",1043,13765,13774,13704,135278825,19474223,441796,757,"",0.97,0.97,0.96,0.96,0.97,0.81,0.89,1,"",51,5.1,149,1.1,111,0.8,226,1.7,-4325956,-3.1,-2207990,-10.2,35403,8.7,-33,-4.2
"2625",39000,5,"62139",57,0,2017,2,"",1445,5804,5763,5759,52562694,12037908,405418,700,"",1.71,1.09,1.07,1.07,1.02,1.2,1.71,0.94,"",81,5.9,306,5.6,208,3.7,193,3.5,1876874,3.7,-139042,-1.1,65188,19.2,-4,-0.6
"2626",39000,5,"621391",58,0,2017,2,"",359,1761,1766,1730,17150449,3795056,73450,753,"",1.61,1.36,1.35,1.32,1.34,1.61,1.35,1,"",-12,-3.2,-29,-1.6,-41,-2.3,-61,-3.4,197296,1.2,-282141,-6.9,17672,31.7,27,3.7
"2627",39000,5,"621399",58,0,2017,2,"",1086,4043,3997,4029,35412245,8242852,331968,677,"",1.74,1.01,0.98,0.99,0.91,1.07,1.81,0.92,"",93,9.4,335,9,249,6.6,254,6.7,1679578,5,143099,1.8,47516,16.7,-16,-2.3
"2628",39000,5,"6214",56,0,2017,2,"",1477,29623,29760,30050,339458576,31729167,797458,876,"",1.37,0.9,0.9,0.91,0.74,0.94,0.97,0.82,"",68,4.8,524,1.8,432,1.5,887,3,7546844,2.3,-822197,-2.5,120508,17.8,2,0.2
"2629",39000,5,"62141",57,0,2017,2,"",62,563,563,562,5334899,857573,20251,729,"",1.11,0.71,0.71,0.71,0.66,1.29,1.01,0.93,"",3,5.1,-1,-0.2,-8,-1.4,0,0,704536,15.2,-43220,-4.8,-1636,-7.5,99,15.7
"2630",39000,5,"621410",58,0,2017,2,"",62,563,563,562,5334899,857573,20251,729,"",1.11,0.71,0.71,0.71,0.66,1.29,1.01,0.93,"",3,5.1,-1,-0.2,-8,-1.4,0,0,704536,15.2,-43220,-4.8,-1636,-7.5,99,15.7
"2631",39000,5,"62142",57,0,2017,2,"",461,13447,13542,13812,130809083,13178774,364419,740,"",1.54,1.56,1.55,1.58,1.64,1.39,1.37,1.05,"",22,5,812,6.4,746,5.8,945,7.3,13098921,11.1,1530614,13.1,91515,33.5,31,4.4
"2632",39000,5,"621420",58,0,2017,2,"",461,13447,13542,13812,130809083,13178774,364419,740,"",1.54,1.56,1.55,1.58,1.64,1.39,1.37,1.05,"",22,5,812,6.4,746,5.8,945,7.3,13098921,11.1,1530614,13.1,91515,33.5,31,4.4
"2633",39000,5,"62149",57,0,2017,2,"",954,15613,15655,15676,203314594,17692820,412788,999,"",1.33,0.67,0.66,0.66,0.54,0.75,0.78,0.82,"",43,4.7,-287,-1.8,-306,-1.9,-58,-0.4,-6256613,-3,-2309591,-11.5,30629,8,-17,-1.7
"2634",39000,5,"621491",58,0,2017,2,"",46,286,281,267,4046487,283722,9240,1120,"",0.58,0.04,0.04,0.04,0.02,0.12,0.16,0.66,"",-6,-11.5,-553,-65.9,-483,-63.2,-401,-60,-7171533,-63.9,-55388,-16.3,-2197,-19.2,-20,-1.8
"2635",39000,5,"621492",58,0,2017,2,"",364,4704,4719,4730,54000965,5147866,106381,881,"",1.7,1,1,1,0.96,0.8,0.91,0.96,"",28,8.3,91,2,71,1.5,45,1,-2768825,-4.9,-2037266,-28.4,-24033,-18.4,-58,-6.2
"2636",39000,5,"621493",58,0,2017,2,"",314,5702,5693,5629,83215078,5881866,140091,1128,"",1.54,1.04,1.03,1.02,1.13,0.74,0.73,1.1,"",15,5,99,1.8,67,1.2,95,1.7,1942389,2.4,-467994,-7.4,25447,22.2,9,0.8
"2637",39000,5,"621498",58,0,2017,2,"",230,4921,4962,5050,62052064,6379366,157076,959,"",1.03,0.83,0.84,0.85,0.77,0.93,0.94,0.92,"",6,2.7,76,1.6,39,0.8,203,4.2,1741356,2.9,251057,4.1,31412,25,7,0.7
"2638",39000,5,"6215",56,0,2017,2,"",779,6317,6333,6318,90654449,8383958,210049,1103,"",1.23,0.63,0.63,0.63,0.65,0.5,0.56,1.03,"",-49,-5.9,65,1,41,0.7,-9,-0.1,6741210,8,-666341,-7.4,27145,14.8,77,7.5
"2639",39000,5,"62151",57,0,2017,2,"",779,6317,6333,6318,90654449,8383958,210049,1103,"",1.23,0.63,0.63,0.63,0.65,0.5,0.56,1.03,"",-49,-5.9,65,1,41,0.7,-9,-0.1,6741210,8,-666341,-7.4,27145,14.8,77,7.5
"2640",39000,5,"621511",58,0,2017,2,"",610,4556,4559,4564,66275045,6783905,157959,1118,"",1.35,0.63,0.62,0.62,0.66,0.53,0.58,1.05,"",-37,-5.7,71,1.6,30,0.7,5,0.1,5846559,9.7,-230500,-3.3,27628,21.2,91,8.9
"2641",39000,5,"621512",58,0,2017,2,"",169,1761,1774,1754,24379404,1600053,52090,1064,"",0.93,0.65,0.65,0.65,0.64,0.4,0.49,0.98,"",-12,-6.6,-6,-0.3,11,0.6,-14,-0.8,894651,3.8,-435841,-21.4,-483,-0.9,41,4
"2642",39000,5,"6216",56,0,2017,2,"",1865,63827,64349,64436,439042384,136315276,3100274,526,"",1.77,1.23,1.22,1.22,1.24,1.62,1.41,1.01,"",44,2.4,1087,1.7,1434,2.3,1709,2.7,23013567,5.5,-756960,-0.6,626022,25.3,16,3.1
"2643",39000,5,"62161",57,0,2017,2,"",1865,63827,64349,64436,439042384,136315276,3100274,526,"",1.77,1.23,1.22,1.22,1.24,1.62,1.41,1.01,"",44,2.4,1087,1.7,1434,2.3,1709,2.7,23013567,5.5,-756960,-0.6,626022,25.3,16,3.1
"2644",39000,5,"621610",58,0,2017,2,"",1865,63827,64349,64436,439042384,136315276,3100274,526,"",1.77,1.23,1.22,1.22,1.24,1.62,1.41,1.01,"",44,2.4,1087,1.7,1434,2.3,1709,2.7,23013567,5.5,-756960,-0.6,626022,25.3,16,3.1
"2645",39000,5,"6219",56,0,2017,2,"",419,10910,10910,10867,102042481,18175692,448633,720,"",1.08,0.98,0.97,0.97,0.92,1.09,1.1,0.95,"",10,2.4,-368,-3.3,-295,-2.6,-238,-2.1,3827254,3.9,-1845417,-9.2,17402,4,45,6.7
"2646",39000,5,"62191",57,0,2017,2,"",214,6925,6886,6825,58142200,12295082,280095,650,"",1.4,1.08,1.07,1.06,1.05,1.18,1.1,0.98,"",0,0,-426,-5.8,-420,-5.7,-425,-5.9,945896,1.7,-1684233,-12,40134,16.7,47,7.8
"2647",39000,5,"621910",58,0,2017,2,"",214,6925,6886,6825,58142200,12295082,280095,650,"",1.4,1.08,1.07,1.06,1.05,1.18,1.1,0.98,"",0,0,-426,-5.8,-420,-5.7,-425,-5.9,945896,1.7,-1684233,-12,40134,16.7,47,7.8
"2648",39000,5,"62199",57,0,2017,2,"",205,3985,4024,4042,43900281,5880610,168538,841,"",0.87,0.84,0.84,0.84,0.8,0.93,1.09,0.95,"",10,5.1,58,1.5,125,3.2,187,4.9,2881358,7,-161184,-2.7,-22732,-11.9,31,3.8
"2649",39000,5,"621991",58,0,2017,2,"",79,2738,2766,2802,29162025,3478965,74374,810,"",1.45,1.03,1.04,1.05,1.03,1.12,1.22,0.99,"",-1,-1.2,204,8.1,240,9.5,285,11.3,2975381,11.4,135862,4.1,-14838,-16.6,12,1.5
"2650",39000,5,"621999",58,0,2017,2,"",126,1247,1258,1240,14738256,2401645,94164,908,"",0.69,0.59,0.59,0.59,0.55,0.75,1,0.94,"",11,9.6,-146,-10.5,-115,-8.4,-98,-7.3,-94023,-0.6,-297046,-11,-7894,-7.7,74,8.9
"2651",39000,5,"622",55,0,2017,2,"",311,250817,251429,252156,3534896789,24960901,575604,1081,"",1.03,1.35,1.34,1.34,1.36,0.46,0.62,1.01,"",13,4.4,-397,-0.2,-885,-0.4,-836,-0.3,106910460,3.1,1653848,7.1,116413,25.4,35,3.3
"2652",39000,5,"6221",56,0,2017,2,"",220,242505,243018,243676,3441395258,9612679,189964,1089,"",1.02,1.4,1.4,1.4,1.41,0.23,0.29,1.01,"",1,0.5,-861,-0.4,-1392,-0.6,-1503,-0.6,96858136,2.9,606068,6.7,46148,32.1,36,3.4
"2653",39000,5,"62211",57,0,2017,2,"",220,242505,243018,243676,3441395258,9612679,189964,1089,"",1.02,1.4,1.4,1.4,1.41,0.23,0.29,1.01,"",1,0.5,-861,-0.4,-1392,-0.6,-1503,-0.6,96858136,2.9,606068,6.7,46148,32.1,36,3.4
"2654",39000,5,"622110",58,0,2017,2,"",220,242505,243018,243676,3441395258,9612679,189964,1089,"",1.02,1.4,1.4,1.4,1.41,0.23,0.29,1.01,"",1,0.5,-861,-0.4,-1392,-0.6,-1503,-0.6,96858136,2.9,606068,6.7,46148,32.1,36,3.4
"2655",39000,5,"6222",56,0,2017,2,"",32,3125,3222,3253,31359320,7392508,204661,754,"",0.94,0.71,0.72,0.73,0.67,1.36,1.47,0.93,"",7,28,552,21.5,610,23.4,627,23.9,7451734,31.2,1507033,25.6,38615,23.3,48,6.8
"2656",39000,5,"62221",57,0,2017,2,"",32,3125,3222,3253,31359320,7392508,204661,754,"",0.94,0.71,0.72,0.73,0.67,1.36,1.47,0.93,"",7,28,552,21.5,610,23.4,627,23.9,7451734,31.2,1507033,25.6,38615,23.3,48,6.8
"2657",39000,5,"622210",58,0,2017,2,"",32,3125,3222,3253,31359320,7392508,204661,754,"",0.94,0.71,0.72,0.73,0.67,1.36,1.47,0.93,"",7,28,552,21.5,610,23.4,627,23.9,7451734,31.2,1507033,25.6,38615,23.3,48,6.8
"2658",39000,5,"6223",56,0,2017,2,"",59,5187,5189,5227,62142211,7955714,180979,919,"",1.15,0.61,0.61,0.61,0.54,1.31,1.33,0.89,"",5,9.3,-88,-1.7,-103,-1.9,40,0.8,2600590,4.4,-459253,-5.5,31650,21.2,47,5.4
"2659",39000,5,"62231",57,0,2017,2,"",59,5187,5189,5227,62142211,7955714,180979,919,"",1.15,0.61,0.61,0.61,0.54,1.31,1.33,0.89,"",5,9.3,-88,-1.7,-103,-1.9,40,0.8,2600590,4.4,-459253,-5.5,31650,21.2,47,5.4
"2660",39000,5,"622310",58,0,2017,2,"",59,5187,5189,5227,62142211,7955714,180979,919,"",1.15,0.61,0.61,0.61,0.54,1.31,1.33,0.89,"",5,9.3,-88,-1.7,-103,-1.9,40,0.8,2600590,4.4,-459253,-5.5,31650,21.2,47,5.4
"2661",39000,5,"623",55,0,2017,2,"",3801,169032,169196,169829,1161972424,308699815,5856084,528,"",1.59,1.37,1.36,1.36,1.36,1.68,1.36,0.99,"",112,3,964,0.6,625,0.4,1651,1,28709672,2.5,-16600156,-5.1,1045876,21.7,10,1.9
"2662",39000,5,"6231",56,0,2017,2,"",1050,96101,95901,96202,698703178,190546399,3384418,559,"",1.97,1.59,1.58,1.59,1.55,1.95,1.52,0.98,"",3,0.3,-140,-0.1,-517,-0.5,78,0.1,14277115,2.1,-12646350,-6.2,581902,20.8,12,2.2
"2663",39000,5,"62311",57,0,2017,2,"",1050,96101,95901,96202,698703178,190546399,3384418,559,"",1.97,1.59,1.58,1.59,1.55,1.95,1.52,0.98,"",3,0.3,-140,-0.1,-517,-0.5,78,0.1,14277115,2.1,-12646350,-6.2,581902,20.8,12,2.2
"2664",39000,5,"623110",58,0,2017,2,"",1050,96101,95901,96202,698703178,190546399,3384418,559,"",1.97,1.59,1.58,1.59,1.55,1.95,1.52,0.98,"",3,0.3,-140,-0.1,-517,-0.5,78,0.1,14277115,2.1,-12646350,-6.2,581902,20.8,12,2.2
"2665",39000,5,"6232",56,0,2017,2,"",1796,31360,31524,31717,193209501,45490854,910107,471,"",2.06,1.35,1.35,1.35,1.23,1.78,1.53,0.91,"",105,6.2,992,3.3,1000,3.3,1114,3.6,9526583,5.2,-707456,-1.5,225587,33,8,1.7
"2666",39000,5,"62321",57,0,2017,2,"",1569,26086,26209,26248,151891620,37223346,672994,446,"",2.48,1.76,1.76,1.75,1.69,2.36,2.12,0.96,"",79,5.3,582,2.3,559,2.2,494,1.9,4422859,3,-1791089,-4.6,157926,30.7,4,0.9
"2667",39000,5,"623210",58,0,2017,2,"",1569,26086,26209,26248,151891620,37223346,672994,446,"",2.48,1.76,1.76,1.75,1.69,2.36,2.12,0.96,"",79,5.3,582,2.3,559,2.2,494,1.9,4422859,3,-1791089,-4.6,157926,30.7,4,0.9
"2668",39000,5,"62322",57,0,2017,2,"",227,5274,5315,5469,41317881,8267508,237113,594,"",0.96,0.62,0.63,0.64,0.62,0.84,0.86,0.98,"",26,12.9,410,8.4,441,9,620,12.8,5103724,14.1,1083633,15.1,67661,39.9,21,3.7
"2669",39000,5,"623220",58,0,2017,2,"",227,5274,5315,5469,41317881,8267508,237113,594,"",0.96,0.62,0.63,0.64,0.62,0.84,0.86,0.98,"",26,12.9,410,8.4,441,9,620,12.8,5103724,14.1,1083633,15.1,67661,39.9,21,3.7
"2670",39000,5,"6233",56,0,2017,2,"",727,36807,37017,37133,233864148,66448034,1399293,486,"",0.93,1.08,1.08,1.08,1.13,1.26,1.07,1.05,"",3,0.4,131,0.4,222,0.6,497,1.4,2046261,0.9,-2197554,-3.2,244342,21.2,0,0
"2671",39000,5,"62331",57,0,2017,2,"",727,36807,37017,37133,233864148,66448034,1399293,486,"",0.93,1.08,1.08,1.08,1.13,1.26,1.07,1.05,"",3,0.4,131,0.4,222,0.6,497,1.4,2046261,0.9,-2197554,-3.2,244342,21.2,0,0
"2672",39000,5,"623311",58,0,2017,2,"",320,25708,25854,25957,166700263,41887676,873384,496,"",1.52,1.42,1.42,1.42,1.42,1.82,1.62,1,"",4,1.3,831,3.3,946,3.8,1133,4.6,6009135,3.7,-2436702,-5.5,115621,15.3,-1,-0.2
"2673",39000,5,"623312",58,0,2017,2,"",407,11099,11163,11176,67163885,24560358,525909,464,"",0.71,0.7,0.7,0.69,0.75,0.83,0.69,1.08,"",-1,-0.2,-700,-5.9,-724,-6.1,-636,-5.4,-3962874,-5.6,239148,1,128721,32.4,2,0.4
"2674",39000,5,"6239",56,0,2017,2,"",228,4764,4754,4777,36195597,6214528,162266,584,"",1.15,0.77,0.77,0.77,0.83,0.86,0.96,1.07,"",1,0.4,-19,-0.4,-80,-1.7,-38,-0.8,2859713,8.6,-1048796,-14.4,-5955,-3.5,51,9.6
"2675",39000,5,"62399",57,0,2017,2,"",228,4764,4754,4777,36195597,6214528,162266,584,"",1.15,0.77,0.77,0.77,0.83,0.86,0.96,1.07,"",1,0.4,-19,-0.4,-80,-1.7,-38,-0.8,2859713,8.6,-1048796,-14.4,-5955,-3.5,51,9.6
"2676",39000,5,"623990",58,0,2017,2,"",228,4764,4754,4777,36195597,6214528,162266,584,"",1.15,0.77,0.77,0.77,0.83,0.86,0.96,1.07,"",1,0.4,-19,-0.4,-80,-1.7,-38,-0.8,2859713,8.6,-1048796,-14.4,-5955,-3.5,51,9.6
"2677",39000,5,"624",55,0,2017,2,"",6076,111883,113273,113449,673817421,218059181,5657412,459,"",0.24,0.81,0.81,0.82,0.93,1.11,0.95,1.14,"",171,2.9,4202,3.9,4545,4.2,5397,5,47355344,7.6,3631784,1.7,999137,21.4,13,2.9
"2678",39000,5,"6241",56,0,2017,2,"",2849,60696,61356,61861,389791685,104722570,2783484,489,"",0.13,0.7,0.7,0.71,0.9,0.89,0.72,1.27,"",144,5.3,3109,5.4,3397,5.9,3823,6.6,33031846,9.3,4749451,4.8,558173,25.1,15,3.2
"2679",39000,5,"62411",57,0,2017,2,"",256,5810,5862,6090,45962447,5707741,143624,597,"",0.78,0.8,0.8,0.82,0.85,0.8,0.67,1.05,"",9,3.6,-309,-5,-264,-4.3,-65,-1.1,-1097511,-2.3,-476200,-7.7,-10521,-6.8,7,1.2
"2680",39000,5,"624110",58,0,2017,2,"",256,5810,5862,6090,45962447,5707741,143624,597,"",0.78,0.8,0.8,0.82,0.85,0.8,0.67,1.05,"",9,3.6,-309,-5,-264,-4.3,-65,-1.1,-1097511,-2.3,-476200,-7.7,-10521,-6.8,7,1.2
"2681",39000,5,"62412",57,0,2017,2,"",1651,37340,37850,38140,199143780,78878200,1884759,406,"",0.08,0.59,0.59,0.59,0.78,0.86,0.63,1.32,"",129,8.5,2632,7.6,2864,8.2,2942,8.4,22986379,13,5737481,7.8,493850,35.5,18,4.6
"2682",39000,5,"624120",58,0,2017,2,"",1651,37340,37850,38140,199143780,78878200,1884759,406,"",0.08,0.59,0.59,0.59,0.78,0.86,0.63,1.32,"",129,8.5,2632,7.6,2864,8.2,2942,8.4,22986379,13,5737481,7.8,493850,35.5,18,4.6
"2683",39000,5,"62419",57,0,2017,2,"",942,17546,17644,17631,144685458,20136629,755101,632,"",1.06,1.1,1.1,1.11,1.15,1.02,1.13,1.04,"",6,0.6,786,4.7,797,4.7,946,5.7,11142978,8.3,-511830,-2.5,74844,11,19,3.1
"2684",39000,5,"624190",58,0,2017,2,"",942,17546,17644,17631,144685458,20136629,755101,632,"",1.06,1.1,1.1,1.11,1.15,1.02,1.13,1.04,"",6,0.6,786,4.7,797,4.7,946,5.7,11142978,8.3,-511830,-2.5,74844,11,19,3.1
"2685",39000,5,"6242",56,0,2017,2,"",396,6425,6414,6476,52944050,8182948,269845,633,"",1.15,1.03,1.02,1.02,1.01,1.15,1.16,0.99,"",8,2.1,185,3,166,2.7,239,3.8,3910374,8,-81842,-1,26141,10.7,29,4.8
"2686",39000,5,"62421",57,0,2017,2,"",96,1937,1959,2017,14831470,2705284,91930,579,"",1.02,1.48,1.49,1.51,1.51,1.69,1.98,1.01,"",-1,-1,123,6.8,145,8,205,11.3,2122891,16.7,-1027,0,10953,13.5,40,7.4
"2687",39000,5,"624210",58,0,2017,2,"",96,1937,1959,2017,14831470,2705284,91930,579,"",1.02,1.48,1.49,1.51,1.51,1.69,1.98,1.01,"",-1,-1,123,6.8,145,8,205,11.3,2122891,16.7,-1027,0,10953,13.5,40,7.4
"2688",39000,5,"62422",57,0,2017,2,"",260,3473,3451,3458,28852004,5272672,173093,641,"",1.34,0.88,0.86,0.86,0.92,1.1,1.05,1.06,"",9,3.6,46,1.3,23,0.7,25,0.7,2070180,7.7,2706,0.1,17161,11,40,6.7
"2689",39000,5,"624221",58,0,2017,2,"",121,1907,1888,1880,12594086,3238758,84097,512,"",1.13,0.72,0.71,0.71,0.67,1.07,0.86,0.94,"",8,7.1,131,7.4,129,7.3,125,7.1,1124718,9.8,194661,6.4,22035,35.5,12,2.4
"2690",39000,5,"624229",58,0,2017,2,"",139,1566,1563,1578,16257918,2033914,88996,797,"",1.6,1.18,1.17,1.18,1.3,1.15,1.33,1.1,"",1,0.7,-85,-5.1,-106,-6.4,-100,-6,945462,6.2,-191955,-8.6,-4874,-5.2,90,12.7
"2691",39000,5,"62423",57,0,2017,2,"",40,1015,1004,1001,9260576,204992,4822,708,"",0.73,1.02,1,1,0.81,0.29,0.23,0.81,"",0,0,16,1.6,-2,-0.2,9,0.9,-282697,-3,-83521,-28.9,-1973,-29,-27,-3.7
"2692",39000,5,"624230",58,0,2017,2,"",40,1015,1004,1001,9260576,204992,4822,708,"",0.73,1.02,1,1,0.81,0.29,0.23,0.81,"",0,0,16,1.6,-2,-0.2,9,0.9,-282697,-3,-83521,-28.9,-1973,-29,-27,-3.7
"2693",39000,5,"6243",56,0,2017,2,"",288,11265,11275,11980,61933883,10540530,257886,414,"",1,0.9,0.9,0.95,0.83,1.06,0.93,0.91,"",7,2.5,496,4.6,330,3,357,3.1,3486247,6,808498,8.3,63282,32.5,9,2.2
"2694",39000,5,"62431",57,0,2017,2,"",288,11265,11275,11980,61933883,10540530,257886,414,"",1,0.9,0.9,0.95,0.83,1.06,0.93,0.91,"",7,2.5,496,4.6,330,3,357,3.1,3486247,6,808498,8.3,63282,32.5,9,2.2
"2695",39000,5,"624310",58,0,2017,2,"",288,11265,11275,11980,61933883,10540530,257886,414,"",1,0.9,0.9,0.95,0.83,1.06,0.93,0.91,"",7,2.5,496,4.6,330,3,357,3.1,3486247,6,808498,8.3,63282,32.5,9,2.2
"2696",39000,5,"6244",56,0,2017,2,"",2543,33497,34228,33132,169147803,94613133,2346197,387,"",1.18,1.02,1.02,1.02,1.02,1.54,1.48,1,"",12,0.5,412,1.2,652,1.9,978,3,6926877,4.3,-1844323,-1.9,351541,17.6,8,2.1
"2697",39000,5,"62441",57,0,2017,2,"",2543,33497,34228,33132,169147803,94613133,2346197,387,"",1.18,1.02,1.02,1.02,1.02,1.54,1.48,1,"",12,0.5,412,1.2,652,1.9,978,3,6926877,4.3,-1844323,-1.9,351541,17.6,8,2.1
"2698",39000,5,"624410",58,0,2017,2,"",2543,33497,34228,33132,169147803,94613133,2346197,387,"",1.18,1.02,1.02,1.02,1.02,1.54,1.48,1,"",12,0.5,412,1.2,652,1.9,978,3,6926877,4.3,-1844323,-1.9,351541,17.6,8,2.1
"2699",39000,5,"71",54,0,2017,2,"",3898,76112,87050,98738,671626722,161513849,4753605,592,"",0.92,0.91,0.98,1.02,1.01,1.25,1.01,1.03,"",57,1.5,1021,1.4,-37,0,1369,1.4,76700209,12.9,-1849253,-1.1,334417,7.6,63,11.9
"2700",39000,5,"711",55,0,2017,2,"",939,15343,16742,16673,326240356,25546156,640402,1544,"",0.57,0.84,0.88,0.87,1.05,0.9,0.57,1.21,"",15,1.6,314,2.1,303,1.8,481,3,56382897,20.9,361104,1.4,146785,29.7,237,18.1
"2701",39000,5,"7111",56,0,2017,2,"",173,2824,2972,2750,28493997,3722616,138096,769,"",0.57,0.61,0.62,0.61,0.65,0.5,0.38,1.06,"",7,4.2,-18,-0.6,111,3.9,134,5.1,1868689,7,-155607,-4,23890,20.9,30,4.1
"2702",39000,5,"71111",57,0,2017,2,"",57,1031,1063,1301,7453865,2228845,54978,507,"",0.55,0.41,0.41,0.5,0.37,0.52,0.25,0.84,"",2,3.6,-8,-0.8,3,0.3,8,0.6,147485,2,30061,1.4,11616,26.8,10,2
"2703",39000,5,"711110",58,0,2017,2,"",57,1031,1063,1301,7453865,2228845,54978,507,"",0.55,0.41,0.41,0.5,0.37,0.52,0.25,0.84,"",2,3.6,-8,-0.8,3,0.3,8,0.6,147485,2,30061,1.4,11616,26.8,10,2
"2704",39000,5,"71112",57,0,2017,2,"N",10,0,0,0,0,0,0,0,"N",0.33,0,0,0,0,0,0,0,"N",0,0,0,0,0,0,0,0,0,0,0,0,0,0,0,0
"2705",39000,5,"711120",58,0,2017,2,"N",10,0,0,0,0,0,0,0,"N",0.33,0,0,0,0,0,0,0,"N",0,0,0,0,0,0,0,0,0,0,0,0,0,0,0,0
"2706",39000,5,"71113",57,0,2017,2,"",99,1535,1594,1288,18497333,1012874,46533,966,"",0.67,1.12,1.13,1.01,1.07,0.55,0.61,0.98,"",5,5.3,-22,-1.4,93,6.2,138,12,1402788,8.2,68594,7.3,13110,39.2,29,3.1
"2707",39000,5,"711130",58,0,2017,2,"",99,1535,1594,1288,18497333,1012874,46533,966,"",0.67,1.12,1.13,1.01,1.07,0.55,0.61,0.98,"",5,5.3,-22,-1.4,93,6.2,138,12,1402788,8.2,68594,7.3,13110,39.2,29,3.1
"2708",39000,5,"71119",57,0,2017,2,"N",7,0,0,0,0,0,0,0,"N",0.32,0,0,0,0,0,0,0,"N",0,0,0,0,0,0,0,0,0,0,0,0,0,0,0,0
"2709",39000,5,"711190",58,0,2017,2,"N",7,0,0,0,0,0,0,0,"N",0.32,0,0,0,0,0,0,0,"N",0,0,0,0,0,0,0,0,0,0,0,0,0,0,0,0
"2710",39000,5,"7112",56,0,2017,2,"",146,5885,6359,6618,219483269,11314128,242987,2685,"",0.76,1.01,1.05,1.06,1.32,1.19,0.79,1.27,"",-3,-2,227,4,-1,0,12,0.2,47496196,27.6,548440,5.1,55495,29.6,554,26
"2711",39000,5,"71121",57,0,2017,2,"",146,5885,6359,6618,219483269,11314128,242987,2685,"",0.76,1.01,1.05,1.06,1.32,1.19,0.79,1.27,"",-3,-2,227,4,-1,0,12,0.2,47496196,27.6,548440,5.1,55495,29.6,554,26
"2712",39000,5,"711211",58,0,2017,2,"",50,4872,5163,5261,211504827,9369311,180076,3191,"",0.75,1.26,1.33,1.31,1.42,1.61,1.04,1.09,"",-2,-3.8,173,3.7,66,1.3,37,0.7,46970707,28.5,621389,7.1,44867,33.2,663,26.2
"2713",39000,5,"711212",58,0,2017,2,"",29,652,834,958,2641713,1237006,42448,249,"",1.18,0.54,0.61,0.7,0.31,0.61,0.48,0.5,"",-1,-3.3,45,7.4,-64,-7.1,-29,-2.9,-121335,-4.4,-46947,-3.7,3550,9.1,-7,-2.7
"2714",39000,5,"711219",58,0,2017,2,"",67,361,362,399,5336729,707811,20463,1098,"",0.67,0.47,0.46,0.49,0.61,0.43,0.43,1.3,"",0,0,9,2.6,-3,-0.8,4,1,646824,13.8,-26002,-3.5,7078,52.9,125,12.8
"2715",39000,5,"7113",56,0,2017,2,"",288,5382,6043,6041,67391360,7384352,181045,890,"",1.21,1.08,1.12,1.09,1.52,1.07,0.64,1.38,"",-5,-1.7,78,1.5,52,0.9,335,5.9,6201816,10.1,-977374,-11.7,33489,22.7,59,7.1
"2716",39000,5,"71131",57,0,2017,2,"",130,4447,4598,4634,58025131,5778245,139031,979,"",1.29,1.19,1.16,1.14,2.01,1.21,0.67,1.73,"",-4,-3,-60,-1.3,-27,-0.6,258,5.9,4335351,8.1,-1134039,-16.4,17653,14.5,62,6.8
"2717",39000,5,"711310",58,0,2017,2,"",130,4447,4598,4634,58025131,5778245,139031,979,"",1.29,1.19,1.16,1.14,2.01,1.21,0.67,1.73,"",-4,-3,-60,-1.3,-27,-0.6,258,5.9,4335351,8.1,-1134039,-16.4,17653,14.5,62,6.8
"2718",39000,5,"71132",57,0,2017,2,"",158,935,1445,1407,9366229,1606107,42014,571,"",1.15,0.76,1.01,0.97,0.61,0.75,0.57,0.66,"",-1,-0.6,138,17.3,79,5.8,77,5.8,1866465,24.9,156665,10.8,15836,60.5,76,15.4
"2719",39000,5,"711320",58,0,2017,2,"",158,935,1445,1407,9366229,1606107,42014,571,"",1.15,0.76,1.01,0.97,0.61,0.75,0.57,0.66,"",-1,-0.6,138,17.3,79,5.8,77,5.8,1866465,24.9,156665,10.8,15836,60.5,76,15.4
"2720",39000,5,"7114",56,0,2017,2,"",53,125,152,170,1832091,398412,9371,946,"",0.39,0.13,0.15,0.16,0.1,0.3,0.15,0.68,"",2,3.9,4,3.3,27,21.6,46,37.1,4403,0.2,200395,101.2,5818,163.7,-194,-17
"2721",39000,5,"71141",57,0,2017,2,"",53,125,152,170,1832091,398412,9371,946,"",0.39,0.13,0.15,0.16,0.1,0.3,0.15,0.68,"",2,3.9,4,3.3,27,21.6,46,37.1,4403,0.2,200395,101.2,5818,163.7,-194,-17
"2722",39000,5,"711410",58,0,2017,2,"",53,125,152,170,1832091,398412,9371,946,"",0.39,0.13,0.15,0.16,0.1,0.3,0.15,0.68,"",2,3.9,4,3.3,27,21.6,46,37.1,4403,0.2,200395,101.2,5818,163.7,-194,-17
"2723",39000,5,"7115",56,0,2017,2,"",279,1127,1216,1094,9039639,2726648,68903,607,"",0.36,0.63,0.65,0.58,0.23,0.83,0.64,0.37,"",14,5.3,23,2.1,114,10.3,-46,-4,811793,9.9,745250,37.6,28093,68.8,40,7.1
"2724",39000,5,"71151",57,0,2017,2,"",279,1127,1216,1094,9039639,2726648,68903,607,"",0.36,0.63,0.65,0.58,0.23,0.83,0.64,0.37,"",14,5.3,23,2.1,114,10.3,-46,-4,811793,9.9,745250,37.6,28093,68.8,40,7.1
"2725",39000,5,"711510",58,0,2017,2,"",279,1127,1216,1094,9039639,2726648,68903,607,"",0.36,0.63,0.65,0.58,0.23,0.83,0.64,0.37,"",14,5.3,23,2.1,114,10.3,-46,-4,811793,9.9,745250,37.6,28093,68.8,40,7.1
"2726",39000,5,"712",55,0,2017,2,"",196,7090,8291,9141,53301164,4940057,105637,502,"",1,1.18,1.32,1.37,1.12,0.91,0.71,0.87,"",10,5.4,1,0,40,0.5,109,1.2,69082,0.1,-108036,-2.1,24134,29.6,-2,-0.4
"2727",39000,5,"7121",56,0,2017,2,"",196,7090,8291,9141,53301164,4940057,105637,502,"",1,1.18,1.32,1.37,1.12,0.91,0.71,0.87,"",10,5.4,1,0,40,0.5,109,1.2,69082,0.1,-108036,-2.1,24134,29.6,-2,-0.4
"2728",39000,5,"71211",57,0,2017,2,"",112,3406,3580,3799,26974391,2357452,50635,577,"",0.85,0.96,0.98,1.01,0.91,0.81,0.63,0.92,"",6,5.7,-65,-1.9,-31,-0.9,129,3.5,394840,1.5,-135873,-5.4,2273,4.7,7,1.2
"2729",39000,5,"712110",58,0,2017,2,"",112,3406,3580,3799,26974391,2357452,50635,577,"",0.85,0.96,0.98,1.01,0.91,0.81,0.63,0.92,"",6,5.7,-65,-1.9,-31,-0.9,129,3.5,394840,1.5,-135873,-5.4,2273,4.7,7,1.2
"2730",39000,5,"71212",57,0,2017,2,"",28,809,953,997,5313656,1040318,14255,444,"",1.52,1.52,1.66,1.66,1.52,1.61,0.85,0.94,"",0,0,-13,-1.6,2,0.2,20,2,176,0,48393,4.9,7392,107.7,-2,-0.4
"2731",39000,5,"712120",58,0,2017,2,"",28,809,953,997,5313656,1040318,14255,444,"",1.52,1.52,1.66,1.66,1.52,1.61,0.85,0.94,"",0,0,-13,-1.6,2,0.2,20,2,176,0,48393,4.9,7392,107.7,-2,-0.4
"2732",39000,5,"71213",57,0,2017,2,"",25,2502,3318,3830,18379707,831375,22762,440,"",1.12,1.61,2,2.13,1.61,0.64,0.73,0.84,"",1,4.2,59,2.4,38,1.2,-85,-2.2,-341229,-1.8,-38164,-4.4,7970,53.9,-8,-1.8
"2733",39000,5,"712130",58,0,2017,2,"",25,2502,3318,3830,18379707,831375,22762,440,"",1.12,1.61,2,2.13,1.61,0.64,0.73,0.84,"",1,4.2,59,2.4,38,1.2,-85,-2.2,-341229,-1.8,-38164,-4.4,7970,53.9,-8,-1.8
"2734",39000,5,"71219",57,0,2017,2,"",31,373,440,515,2633410,710912,17985,458,"",1.33,0.96,1.04,1.06,0.98,1.22,0.86,0.95,"",3,10.7,20,5.7,31,7.6,45,9.6,15295,0.6,17608,2.5,6499,56.6,-32,-6.5
"2735",39000,5,"712190",58,0,2017,2,"",31,373,440,515,2633410,710912,17985,458,"",1.33,0.96,1.04,1.06,0.98,1.22,0.86,0.95,"",3,10.7,20,5.7,31,7.6,45,9.6,15295,0.6,17608,2.5,6499,56.6,-32,-6.5
"2736",39000,5,"713",55,0,2017,2,"",2763,53679,62017,72924,292085202,131027636,4007566,357,"",1.14,0.9,0.98,1.03,0.95,1.38,1.16,0.97,"",32,1.2,706,1.3,-380,-0.6,779,1.1,20248230,7.4,-2102321,-1.6,163498,4.3,22,6.6
"2737",39000,5,"7131",56,0,2017,2,"",116,5018,7556,10799,34608955,21357680,433191,342,"",1.24,0.66,0.87,1.06,0.77,1.92,1.26,0.87,"",4,3.6,-209,-4,-819,-9.8,-85,-0.8,6398387,22.7,3961358,22.8,158797,57.9,76,28.6
"2738",39000,5,"71311",57,0,2017,2,"",17,3773,6207,9483,30892858,19196169,377312,366,"",0.57,0.57,0.81,1.04,0.74,1.99,1.25,0.89,"N",-1,-5.6,0,0,0,0,0,0,0,0,0,0,0,0,0,0
"2739",39000,5,"713110",58,0,2017,2,"",17,3773,6207,9483,30892858,19196169,377312,366,"",0.57,0.57,0.81,1.04,0.74,1.99,1.25,0.89,"N",-1,-5.6,0,0,0,0,0,0,0,0,0,0,0,0,0,0
"2740",39000,5,"71312",57,0,2017,2,"",99,1245,1349,1316,3716097,2161511,55879,219,"",1.56,1.29,1.35,1.22,1.1,1.48,1.39,0.86,"N",5,5.3,0,0,0,0,0,0,0,0,0,0,0,0,0,0
"2741",39000,5,"713120",58,0,2017,2,"",99,1245,1349,1316,3716097,2161511,55879,219,"",1.56,1.29,1.35,1.22,1.1,1.48,1.39,0.86,"N",5,5.3,0,0,0,0,0,0,0,0,0,0,0,0,0,0
"2742",39000,5,"7132",56,0,2017,2,"",52,7866,7880,7919,68076803,17231385,535211,664,"",0.52,1.72,1.71,1.72,1.99,1.94,2,1.16,"",-1,-1.9,-64,-0.8,-70,-0.9,284,3.7,2879011,4.4,-9107183,-34.6,-353661,-39.8,24,3.8
"2743",39000,5,"71321",57,0,2017,2,"",13,7529,7531,7564,65655938,16450322,509689,670,"",1.19,2.48,2.46,2.48,2.77,3.1,2.78,1.12,"",-1,-7.1,-16,-0.2,-22,-0.3,319,4.4,3117611,5,-9096141,-35.6,-353941,-41,24,3.7
"2744",39000,5,"713210",58,0,2017,2,"",13,7529,7531,7564,65655938,16450322,509689,670,"",1.19,2.48,2.46,2.48,2.77,3.1,2.78,1.12,"",-1,-7.1,-16,-0.2,-22,-0.3,319,4.4,3117611,5,-9096141,-35.6,-353941,-41,24,3.7
"2745",39000,5,"71329",57,0,2017,2,"",39,337,349,355,2420865,781063,25522,537,"",0.44,0.22,0.23,0.23,0.23,0.22,0.3,1.01,"",0,0,-48,-12.5,-48,-12.1,-35,-9,-238600,-9,-11042,-1.4,280,1.1,13,2.5
"2746",39000,5,"713290",58,0,2017,2,"",39,337,349,355,2420865,781063,25522,537,"",0.44,0.22,0.23,0.23,0.23,0.22,0.3,1.01,"",0,0,-48,-12.5,-48,-12.1,-35,-9,-238600,-9,-11042,-1.4,280,1.1,13,2.5
"2747",39000,5,"7139",56,0,2017,2,"",2595,40795,46581,54206,189399444,92438571,3039164,309,"",1.16,0.86,0.93,0.97,0.83,1.23,1.07,0.9,"",29,1.1,979,2.5,509,1.1,580,1.1,10970832,6.1,3043504,3.4,358362,13.4,14,4.7
"2748",39000,5,"71391",57,0,2017,2,"",545,14338,18348,22034,79385740,43922010,1724260,335,"",1.62,1.07,1.2,1.27,0.95,1.6,1.21,0.8,"",-13,-2.3,303,2.2,-74,-0.4,334,1.5,4345948,5.8,1686986,4,186290,12.1,15,4.7
"2749",39000,5,"713910",58,0,2017,2,"",545,14338,18348,22034,79385740,43922010,1724260,335,"",1.62,1.07,1.2,1.27,0.95,1.6,1.21,0.8,"",-13,-2.3,303,2.2,-74,-0.4,334,1.5,4345948,5.8,1686986,4,186290,12.1,15,4.7
"2750",39000,5,"71392",57,0,2017,2,"",9,79,79,108,805711,68199,1439,699,"",0.81,0.06,0.13,0.16,0.14,0.04,0.02,1.37,"",1,12.5,35,79.5,10,14.5,39,56.5,205586,34.3,29704,77.2,800,125.2,-62,-8.1
"2751",39000,5,"713920",58,0,2017,2,"",9,79,79,108,805711,68199,1439,699,"",0.81,0.06,0.13,0.16,0.14,0.04,0.02,1.37,"",1,12.5,35,79.5,10,14.5,39,56.5,205586,34.3,29704,77.2,800,125.2,-62,-8.1
"2752",39000,5,"71393",57,0,2017,2,"",110,913,1195,1552,7754743,3284929,173285,489,"",0.91,0.73,0.81,0.91,0.73,1.11,1.21,0.88,"",-7,-6,14,1.6,51,4.5,63,4.2,371746,5,-14120,-0.4,1707,1,7,1.5
"2753",39000,5,"713930",58,0,2017,2,"",110,913,1195,1552,7754743,3284929,173285,489,"",0.91,0.73,0.81,0.91,0.73,1.11,1.21,0.88,"",-7,-6,14,1.6,51,4.5,63,4.2,371746,5,-14120,-0.4,1707,1,7,1.5
"2754",39000,5,"71394",57,0,2017,2,"",1130,17256,18442,21576,69858160,28912327,683020,281,"",1.07,0.78,0.8,0.86,0.8,1.04,0.92,0.98,"",28,2.5,283,1.7,585,3.3,133,0.6,5043282,7.8,1562376,5.7,137116,25.1,15,5.6
"2755",39000,5,"713940",58,0,2017,2,"",1130,17256,18442,21576,69858160,28912327,683020,281,"",1.07,0.78,0.8,0.86,0.8,1.04,0.92,0.98,"",28,2.5,283,1.7,585,3.3,133,0.6,5043282,7.8,1562376,5.7,137116,25.1,15,5.6
"2756",39000,5,"71395",57,0,2017,2,"",237,3488,3075,2745,10669920,5808406,132449,265,"",2.12,1.32,1.23,1.13,1.09,1.47,1.28,0.89,"",-3,-1.2,134,4,-82,-2.6,-79,-2.8,16642,0.2,-278376,-4.6,8853,7.2,2,0.8
"2757",39000,5,"713950",58,0,2017,2,"",237,3488,3075,2745,10669920,5808406,132449,265,"",2.12,1.32,1.23,1.13,1.09,1.47,1.28,0.89,"",-3,-1.2,134,4,-82,-2.6,-79,-2.8,16642,0.2,-278376,-4.6,8853,7.2,2,0.8
"2758",39000,5,"71399",57,0,2017,2,"",564,4721,5442,6191,20925170,10442700,324711,295,"",0.95,0.73,0.77,0.74,0.67,0.94,0.93,0.89,"",23,4.3,210,4.7,19,0.4,90,1.5,987628,5,56934,0.5,23596,7.8,8,2.8
"2759",39000,5,"713990",58,0,2017,2,"",564,4721,5442,6191,20925170,10442700,324711,295,"",0.95,0.73,0.77,0.74,0.67,0.94,0.93,0.89,"",23,4.3,210,4.7,19,0.4,90,1.5,987628,5,56934,0.5,23596,7.8,8,2.8
"2760",39000,5,"72",54,0,2017,2,"",24381,480475,491058,493807,1977806514,1218291474,23377192,311,"",1.16,0.95,0.95,0.95,0.84,1.3,1.04,0.88,"",568,2.4,8064,1.7,6841,1.4,8268,1.7,93648373,5,10252435,0.8,6596577,39.3,10,3.3
"2761",39000,5,"721",55,0,2017,2,"",1802,37071,38931,40817,206971948,109111367,2627058,409,"",0.86,0.51,0.52,0.52,0.41,0.66,0.58,0.79,"",40,2.3,1106,3.1,1024,2.7,1347,3.4,9367767,4.7,-310589,-0.3,598928,29.5,7,1.7
"2762",39000,5,"7211",56,0,2017,2,"",1546,35397,36683,37715,196640063,103746326,2428190,413,"",0.85,0.5,0.51,0.51,0.4,0.65,0.56,0.78,"",30,2,1136,3.3,927,2.6,1278,3.5,8429495,4.5,-760474,-0.7,557630,29.8,5,1.2
"2763",39000,5,"72111",57,0,2017,2,"",1463,34455,35708,36676,191118122,101415180,2381366,413,"",0.88,0.59,0.59,0.59,0.48,0.87,0.74,0.81,"",29,2,1137,3.4,937,2.7,1248,3.5,8343454,4.6,-736272,-0.7,552442,30.2,6,1.5
"2764",39000,5,"721110",58,0,2017,2,"",1463,34455,35708,36676,191118122,101415180,2381366,413,"",0.88,0.59,0.59,0.59,0.48,0.87,0.74,0.81,"",29,2,1137,3.4,937,2.7,1248,3.5,8343454,4.6,-736272,-0.7,552442,30.2,6,1.5
"2765",39000,5,"72112",57,0,2017,2,"N",2,0,0,0,0,0,0,0,"N",0.19,0,0,0,0,0,0,0,"N",0,0,0,0,0,0,0,0,0,0,0,0,0,0,0,0
"2766",39000,5,"721120",58,0,2017,2,"N",2,0,0,0,0,0,0,0,"N",0.19,0,0,0,0,0,0,0,"N",0,0,0,0,0,0,0,0,0,0,0,0,0,0,0,0
"2767",39000,5,"72119",57,0,2017,2,"N",81,0,0,0,0,0,0,0,"N",0.55,0,0,0,0,0,0,0,"N",1,1.2,0,0,0,0,0,0,0,0,0,0,0,0,0,0
"2768",39000,5,"721191",58,0,2017,2,"",55,790,815,872,4797831,1954153,36690,447,"",0.65,1.39,1.32,1.31,1.74,1.71,1.02,1.3,"",0,0,0,0,-10,-1.2,33,3.9,98011,2.1,30859,1.6,4180,12.9,5,1.1
"2769",39000,5,"721199",58,0,2017,2,"N",26,0,0,0,0,0,0,0,"N",0.42,0,0,0,0,0,0,0,"N",1,4,0,0,0,0,0,0,0,0,0,0,0,0,0,0
"2770",39000,5,"7212",56,0,2017,2,"",217,1386,2003,2862,9084808,4810066,181109,335,"",0.99,0.73,0.83,0.79,0.71,1.12,1.13,0.9,"",6,2.8,-44,-3.1,109,5.8,55,2,746086,8.9,416866,9.5,36928,25.6,21,6.7
"2771",39000,5,"72121",57,0,2017,2,"",217,1386,2003,2862,9084808,4810066,181109,335,"",0.99,0.73,0.83,0.79,0.71,1.12,1.13,0.9,"",6,2.8,-44,-3.1,109,5.8,55,2,746086,8.9,416866,9.5,36928,25.6,21,6.7
"2772",39000,5,"721211",58,0,2017,2,"",172,857,1375,1866,5833397,3711378,154046,328,"",1.28,0.85,1.04,1.17,0.97,1.53,1.4,0.93,"",6,3.6,-40,-4.5,103,8.1,113,6.4,543644,10.3,282439,8.2,24400,18.8,17,5.5
"2773",39000,5,"721214",58,0,2017,2,"",45,529,628,996,3251411,1098688,27063,349,"",0.54,0.6,0.58,0.49,0.48,0.59,0.53,0.89,"",0,0,-4,-0.8,6,1,-58,-5.5,202442,6.6,134427,13.9,12528,86.2,30,9.4
"2774",39000,5,"7213",56,0,2017,2,"",39,288,245,240,1247077,554975,17759,372,"",0.65,0.61,0.56,0.66,0.53,0.69,0.51,0.87,"",4,11.4,14,5.1,-12,-4.7,14,6.2,192186,18.2,33019,6.3,4370,32.6,50,15.5
"2775",39000,5,"72131",57,0,2017,2,"",39,288,245,240,1247077,554975,17759,372,"",0.65,0.61,0.56,0.66,0.53,0.69,0.51,0.87,"",4,11.4,14,5.1,-12,-4.7,14,6.2,192186,18.2,33019,6.3,4370,32.6,50,15.5
"2776",39000,5,"721310",58,0,2017,2,"",39,288,245,240,1247077,554975,17759,372,"",0.65,0.61,0.56,0.66,0.53,0.69,0.51,0.87,"",4,11.4,14,5.1,-12,-4.7,14,6.2,192186,18.2,33019,6.3,4370,32.6,50,15.5
"2777",39000,5,"722",55,0,2017,2,"",22579,443404,452127,452990,1770834566,1109180107,20750134,303,"",1.19,1.02,1.02,1.02,0.96,1.44,1.16,0.94,"",528,2.4,6958,1.6,5817,1.3,6921,1.6,84280606,5,10563024,1,5997649,40.7,10,3.4
"2778",39000,5,"7223",56,0,2017,2,"",1363,19593,18777,18432,99864003,45876795,1668651,406,"",1.17,0.75,0.72,0.76,0.68,0.93,0.65,0.91,"",77,6,890,4.8,-524,-2.7,848,4.8,6800329,7.3,1631940,3.7,192922,13.1,20,5.2
"2779",39000,5,"72231",57,0,2017,2,"",662,12261,10551,9949,67416259,28783939,1223281,475,"",1.01,0.64,0.58,0.61,0.61,0.79,0.58,1,"",30,4.7,1102,9.9,-441,-4,440,4.6,4868642,7.8,1070857,3.9,132241,12.1,19,4.2
"2780",39000,5,"722310",58,0,2017,2,"",662,12261,10551,9949,67416259,28783939,1223281,475,"",1.01,0.64,0.58,0.61,0.61,0.79,0.58,1,"",30,4.7,1102,9.9,-441,-4,440,4.6,4868642,7.8,1070857,3.9,132241,12.1,19,4.2
"2781",39000,5,"72232",57,0,2017,2,"",528,6332,7177,7225,28937855,14502983,368471,322,"",1.44,1,1.03,1.01,0.83,1.23,0.84,0.82,"",7,1.3,-704,-10,-501,-6.5,-166,-2.2,362090,1.3,-569638,-3.8,23604,6.8,24,8.1
"2782",39000,5,"722320",58,0,2017,2,"",528,6332,7177,7225,28937855,14502983,368471,322,"",1.44,1,1.03,1.01,0.83,1.23,0.84,0.82,"",7,1.3,-704,-10,-501,-6.5,-166,-2.2,362090,1.3,-569638,-3.8,23604,6.8,24,8.1
"2783",39000,5,"72233",57,0,2017,2,"",173,1000,1049,1258,3509889,2589873,76899,245,"",1.23,1.48,1.34,1.42,1.14,1.88,1.6,0.81,"",40,30.1,492,96.9,418,66.2,574,83.9,1569597,80.9,1130721,77.5,37077,93.1,-1,-0.4
"2784",39000,5,"722330",58,0,2017,2,"",173,1000,1049,1258,3509889,2589873,76899,245,"",1.23,1.48,1.34,1.42,1.14,1.88,1.6,0.81,"",40,30.1,492,96.9,418,66.2,574,83.9,1569597,80.9,1130721,77.5,37077,93.1,-1,-0.4
"2785",39000,5,"7224",56,0,2017,2,"",2130,15181,15382,15261,56734604,37100912,803522,286,"",1.65,1.05,1.05,1.04,0.95,1.44,1.24,0.91,"",-64,-2.9,412,2.8,327,2.2,135,0.9,3898717,7.4,633721,1.7,179703,28.8,15,5.5
"2786",39000,5,"72241",57,0,2017,2,"",2130,15181,15382,15261,56734604,37100912,803522,286,"",1.65,1.05,1.05,1.04,0.95,1.44,1.24,0.91,"",-64,-2.9,412,2.8,327,2.2,135,0.9,3898717,7.4,633721,1.7,179703,28.8,15,5.5
"2787",39000,5,"722410",58,0,2017,2,"",2130,15181,15382,15261,56734604,37100912,803522,286,"",1.65,1.05,1.05,1.04,0.95,1.44,1.24,0.91,"",-64,-2.9,412,2.8,327,2.2,135,0.9,3898717,7.4,633721,1.7,179703,28.8,15,5.5
"2788",39000,5,"7225",56,0,2017,2,"",19086,408630,417968,419297,1614235959,1026202400,18277961,299,"",1.16,1.04,1.04,1.04,0.98,1.47,1.24,0.94,"",515,2.8,5656,1.4,6014,1.5,5938,1.4,73581560,4.8,8297363,0.8,5625024,44.5,10,3.5
"2789",39000,5,"72251",57,0,2017,2,"",19086,408630,417968,419297,1614235959,1026202400,18277961,299,"",1.16,1.04,1.04,1.04,0.98,1.47,1.24,0.94,"",515,2.8,5656,1.4,6014,1.5,5938,1.4,73581560,4.8,8297363,0.8,5625024,44.5,10,3.5
"2790",39000,5,"722511",58,0,2017,2,"",7678,194592,198881,200637,868285998,514814005,9188327,337,"",1.04,0.97,0.97,0.97,0.9,1.35,1.1,0.93,"",283,3.8,1463,0.8,1551,0.8,1765,0.9,33784482,4,-5614370,-1.1,2725051,42.2,10,3.1
"2791",39000,5,"722513",58,0,2017,2,"",9342,187331,190975,190254,652535791,449405145,7591016,265,"",1.3,1.15,1.15,1.15,1.14,1.69,1.48,0.99,"",149,1.6,3504,1.9,3620,1.9,3020,1.6,35591821,5.8,12384616,2.8,2574382,51.3,10,3.9
"2792",39000,5,"722514",58,0,2017,2,"",195,4346,4060,3561,19496824,10981646,373853,376,"",0.98,1.01,0.95,0.84,1.13,1.52,2.24,1.22,"",-12,-5.8,-278,-6,-394,-8.8,-294,-7.6,86509,0.4,-429880,-3.8,16897,4.7,30,8.7
"2793",39000,5,"722515",58,0,2017,2,"",1871,22361,24052,24845,73917346,51001604,1124765,239,"",1.06,0.89,0.91,0.92,0.77,1.17,1.07,0.85,"",95,5.3,967,4.5,1237,5.4,1447,6.2,4118748,5.9,1956997,4,308694,37.8,1,0.4
"2794",39000,5,"81",54,0,2017,2,"",23586,154819,156785,159175,1254425139,267570815,5842631,615,"",0.93,0.94,0.94,0.94,0.92,0.99,0.85,0.98,"",100,0.4,-1373,-0.9,-738,-0.5,782,0.5,74734721,6.3,-12625673,-4.5,847251,17,38,6.6
"2795",39000,5,"811",55,0,2017,2,"",7853,47391,47709,47899,534806622,81031984,2067896,863,"",1.14,0.97,0.97,0.97,1.13,0.84,0.82,1.16,"",103,1.3,-22,0,286,0.6,655,1.4,52431490,10.9,-4670898,-5.5,186976,9.9,80,10.2
"2796",39000,5,"8111",56,0,2017,2,"",5747,32482,32609,32818,301809238,59529875,1365266,711,"",1.18,0.94,0.94,0.94,1.02,0.87,0.84,1.08,"",45,0.8,-140,-0.4,92,0.3,253,0.8,11350298,3.9,-3394197,-5.4,177891,15,25,3.6
"2797",39000,5,"81111",57,0,2017,2,"",3448,15192,15256,15378,145906759,27818402,663447,735,"",1.23,1.02,1.02,1.03,1.06,0.92,0.95,1.04,"",40,1.2,-118,-0.8,-53,-0.3,90,0.6,5688405,4.1,-1977921,-6.6,67974,11.4,30,4.3
"2798",39000,5,"811111",58,0,2017,2,"",3025,13191,13245,13363,126394005,24369728,583421,733,"",1.25,1.03,1.02,1.03,1.06,0.92,0.96,1.03,"",67,2.3,-12,-0.1,26,0.2,149,1.1,6116808,5.1,-1774365,-6.8,52767,9.9,33,4.7
"2799",39000,5,"811112",58,0,2017,2,"",125,511,517,516,4339361,1122936,26727,649,"",1.69,1.42,1.42,1.41,1.45,1.41,1.35,1.03,"",-11,-8.1,-25,-4.7,-14,-2.6,-22,-4.1,-190346,-4.2,15371,1.4,10494,64.6,-2,-0.3
"2800",39000,5,"811113",58,0,2017,2,"",158,664,650,657,6847429,1041658,26364,802,"",1.21,1.04,1.02,1.03,1.19,0.82,0.91,1.16,"",-8,-4.8,-45,-6.3,-66,-9.2,-52,-7.3,-481922,-6.6,-69426,-6.2,1212,4.8,9,1.1
"2801",39000,5,"811118",58,0,2017,2,"",140,826,844,842,8325964,1284080,26935,765,"",0.84,0.82,0.84,0.83,0.92,0.69,0.67,1.11,"",-8,-5.4,-36,-4.2,1,0.1,15,1.8,243865,3,-149501,-10.4,3501,14.9,28,3.8
"2802",39000,5,"81112",57,0,2017,2,"",1336,10123,10099,10085,116143403,14458240,362120,884,"",1.09,0.99,0.99,0.98,1.08,0.72,0.71,1.1,"",13,1,-185,-1.8,-167,-1.6,-176,-1.7,3364434,3,-2256295,-13.5,6271,1.8,40,4.7
"2803",39000,5,"811121",58,0,2017,2,"",1213,8194,8158,8178,90721004,11684784,301113,853,"",1.16,0.91,0.9,0.9,0.94,0.66,0.68,1.04,"",8,0.7,-124,-1.5,-96,-1.2,-46,-0.6,1241453,1.4,-1491143,-11.3,11697,4,20,2.4
"2804",39000,5,"811122",58,0,2017,2,"",123,1929,1941,1907,25422399,2773456,61007,1016,"",0.7,1.66,1.66,1.61,2.39,1.11,0.89,1.45,"",5,4.2,-61,-3.1,-71,-3.5,-130,-6.4,2122981,9.1,-765152,-21.6,-5426,-8.2,126,14.2
"2805",39000,5,"81119",57,0,2017,2,"",963,7167,7254,7355,39759076,17253233,339699,421,"",1.15,0.76,0.76,0.77,0.77,0.97,0.83,1,"",-8,-0.8,163,2.3,312,4.5,339,4.8,2297459,6.1,840019,5.1,103646,43.9,9,2.2
"2806",39000,5,"811191",58,0,2017,2,"",304,2147,2145,2183,13730262,5139139,92479,489,"",1.36,0.97,0.97,0.98,0.99,1.13,0.93,1.02,"",-2,-0.7,44,2.1,46,2.2,79,3.8,585844,4.5,409984,8.7,36609,65.5,8,1.7
"2807",39000,5,"811192",58,0,2017,2,"",559,4538,4616,4665,22388028,10974548,218736,374,"",1.22,0.71,0.72,0.72,0.73,0.95,0.82,1.02,"",5,0.9,132,3,268,6.2,232,5.2,1519910,7.3,331750,3.1,57002,35.2,9,2.5
"2808",39000,5,"811198",58,0,2017,2,"",100,482,493,507,3640786,1139546,28484,567,"",0.63,0.57,0.58,0.59,0.51,0.69,0.63,0.88,"",-11,-9.9,-13,-2.6,-2,-0.4,28,5.8,191705,5.6,98285,9.4,10035,54.4,25,4.6
"2809",39000,5,"8112",56,0,2017,2,"",488,3201,3237,3216,50357974,3815364,115673,1204,"",0.98,0.84,0.84,0.83,1.01,0.58,0.6,1.21,"",27,5.9,-103,-3.1,-102,-3.1,-112,-3.4,-310333,-0.6,-995031,-20.7,-7909,-6.4,31,2.6
"2810",39000,5,"81121",57,0,2017,2,"",488,3201,3237,3216,50357974,3815364,115673,1204,"",0.98,0.84,0.84,0.83,1.01,0.58,0.6,1.21,"",27,5.9,-103,-3.1,-102,-3.1,-112,-3.4,-310333,-0.6,-995031,-20.7,-7909,-6.4,31,2.6
"2811",39000,5,"811211",58,0,2017,2,"",49,219,226,223,2198086,485477,21122,759,"",0.74,0.45,0.45,0.45,0.5,0.57,0.66,1.11,"",1,2.1,-23,-9.5,-7,-3,-15,-6.3,44783,2.1,-31988,-6.2,4851,29.8,62,8.9
"2812",39000,5,"811212",58,0,2017,2,"",207,1156,1176,1174,16339583,1690418,50421,1075,"",0.99,0.77,0.78,0.77,0.88,0.62,0.65,1.13,"",21,11.3,57,5.2,48,4.3,49,4.4,888457,5.8,-141838,-7.7,4065,8.8,11,1
"2813",39000,5,"811213",58,0,2017,2,"",48,166,171,170,2040176,309776,13774,929,"",0.81,0.3,0.31,0.31,0.31,0.36,0.47,1.01,"",5,11.6,-6,-3.5,0,0,17,11.1,-48423,-2.3,-26603,-7.9,-35,-0.3,-43,-4.4
"2814",39000,5,"811219",58,0,2017,2,"",184,1660,1664,1649,29780129,1329693,30356,1382,"",1.11,1.29,1.29,1.28,1.47,0.61,0.55,1.14,"",0,0,-131,-7.3,-143,-7.9,-163,-9,-1195150,-3.9,-794602,-37.4,-16790,-35.6,61,4.6
"2815",39000,5,"8113",56,0,2017,2,"",1070,9431,9572,9557,162937130,12243503,429249,1317,"",1.26,1.23,1.25,1.26,1.56,0.8,0.78,1.25,"",24,2.3,186,2,262,2.8,466,5.1,40207862,32.8,12522,0.1,8722,2.1,293,28.6
"2816",39000,5,"81131",57,0,2017,2,"",1070,9431,9572,9557,162937130,12243503,429249,1317,"",1.26,1.23,1.25,1.26,1.56,0.8,0.78,1.25,"",24,2.3,186,2,262,2.8,466,5.1,40207862,32.8,12522,0.1,8722,2.1,293,28.6
"2817",39000,5,"811310",58,0,2017,2,"",1070,9431,9572,9557,162937130,12243503,429249,1317,"",1.26,1.23,1.25,1.26,1.56,0.8,0.78,1.25,"",24,2.3,186,2,262,2.8,466,5.1,40207862,32.8,12522,0.1,8722,2.1,293,28.6
"2818",39000,5,"8114",56,0,2017,2,"",548,2277,2291,2308,19702280,5443242,157708,661,"",0.82,0.79,0.78,0.78,0.84,0.9,0.92,1.07,"",7,1.3,35,1.6,34,1.5,48,2.1,1183663,6.4,-294192,-5.1,8272,5.5,29,4.6
"2819",39000,5,"81141",57,0,2017,2,"",187,1072,1091,1087,10400136,2262792,64827,738,"",0.96,1.15,1.15,1.14,1.22,1.09,1.18,1.06,"",3,1.6,23,2.2,21,2,24,2.3,310068,3.1,-118422,-5,6468,11.1,6,0.8
"2820",39000,5,"811411",58,0,2017,2,"",52,248,258,248,2129889,668295,25763,652,"",0.97,1.37,1.35,1.26,1.63,1.52,1.66,1.23,"",3,6.1,1,0.4,2,0.8,12,5.1,-114549,-5.1,-2207,-0.3,2069,8.7,-49,-7
"2821",39000,5,"811412",58,0,2017,2,"",135,824,833,839,8270247,1594497,39064,765,"",0.95,1.1,1.1,1.11,1.14,0.98,0.99,1.04,"",0,0,22,2.7,19,2.3,12,1.5,424617,5.4,-116215,-6.8,4399,12.7,24,3.2
"2822",39000,5,"81142",57,0,2017,2,"",112,450,441,438,3523865,1052092,25110,612,"",0.93,0.8,0.78,0.77,0.83,0.98,0.9,1.06,"",3,2.8,-15,-3.2,-16,-3.5,-13,-2.9,192090,5.8,-151827,-12.6,2127,9.3,52,9.3
"2823",39000,5,"811420",58,0,2017,2,"",112,450,441,438,3523865,1052092,25110,612,"",0.93,0.8,0.78,0.77,0.83,0.98,0.9,1.06,"",3,2.8,-15,-3.2,-16,-3.5,-13,-2.9,192090,5.8,-151827,-12.6,2127,9.3,52,9.3
"2824",39000,5,"81143",57,0,2017,2,"",24,61,60,55,342985,156207,2529,450,"",0.82,0.66,0.65,0.6,0.62,0.94,0.77,0.98,"",-1,-4,5,8.9,2,3.4,1,1.9,27726,8.8,6358,4.2,211,9.1,17,3.9
"2825",39000,5,"811430",58,0,2017,2,"",24,61,60,55,342985,156207,2529,450,"",0.82,0.66,0.65,0.6,0.62,0.94,0.77,0.98,"",-1,-4,5,8.9,2,3.4,1,1.9,27726,8.8,6358,4.2,211,9.1,17,3.9
"2826",39000,5,"81149",57,0,2017,2,"",225,694,699,728,5435294,1972151,65242,591,"",0.69,0.54,0.53,0.54,0.54,0.72,0.76,1,"",2,0.9,22,3.3,27,4,36,5.2,653779,13.7,-30301,-1.5,-534,-0.8,49,9
"2827",39000,5,"811490",58,0,2017,2,"",225,694,699,728,5435294,1972151,65242,591,"",0.69,0.54,0.53,0.54,0.54,0.72,0.76,1,"",2,0.9,22,3.3,27,4,36,5.2,653779,13.7,-30301,-1.5,-534,-0.8,49,9
"2828",39000,5,"812",55,0,2017,2,"",7169,55932,56519,56613,347853494,131787530,2441065,475,"",1.09,1.02,1.02,1.02,1.04,1.27,1.01,1.02,"",7,0.1,-56,-0.1,-13,0,222,0.4,12938652,3.9,-4066305,-3,576935,30.9,17,3.7
"2829",39000,5,"8121",56,0,2017,2,"",4089,27545,27876,27645,153699814,70097303,1183472,427,"",1.1,1.04,1.04,1.04,1.08,1.34,1.03,1.04,"",-67,-1.6,-618,-2.2,-433,-1.5,-340,-1.2,3980001,2.7,-3015293,-4.1,289204,32.3,18,4.4
"2830",39000,5,"81211",57,0,2017,2,"",3466,23340,23653,23466,135422131,60940719,989206,444,"",1.13,1.13,1.13,1.13,1.2,1.46,1.12,1.07,"",-58,-1.6,-507,-2.1,-315,-1.3,-298,-1.3,4035294,3.1,-2390378,-3.8,261195,35.9,20,4.7
"2831",39000,5,"812111",58,0,2017,2,"",124,504,500,518,3044381,1308238,29543,462,"",0.82,0.55,0.54,0.55,0.57,0.68,0.64,1.04,"",7,6,28,5.9,29,6.2,48,10.2,320222,11.8,1658,0.1,-653,-2.2,18,4.1
"2832",39000,5,"812112",58,0,2017,2,"",2757,20324,20552,20326,115893497,51049247,759451,437,"",1.25,1.26,1.27,1.26,1.28,1.6,1.24,1.01,"",-81,-2.9,-620,-3,-458,-2.2,-460,-2.2,1956139,1.7,-2856660,-5.3,224132,41.9,18,4.3
"2833",39000,5,"812113",58,0,2017,2,"",585,2512,2601,2622,16484253,8583234,200212,492,"",0.84,0.69,0.69,0.7,1,1.08,0.91,1.45,"",16,2.8,85,3.5,114,4.6,114,4.5,1758933,11.9,464624,5.7,37716,23.2,34,7.4
"2834",39000,5,"81219",57,0,2017,2,"",623,4205,4223,4179,18277683,9156584,194266,335,"",0.93,0.73,0.72,0.72,0.63,0.88,0.72,0.87,"",-9,-1.4,-111,-2.6,-118,-2.7,-42,-1,-55293,-0.3,-624915,-6.4,28009,16.8,6,1.8
"2835",39000,5,"812191",58,0,2017,2,"",78,811,828,807,2761378,1317356,19150,261,"",0.97,0.97,0.98,0.96,0.68,1.26,0.81,0.7,"",-1,-1.3,-56,-6.5,-40,-4.6,-58,-6.7,-619225,-18.3,-214308,-14,2515,15.1,-39,-13
"2836",39000,5,"812199",58,0,2017,2,"",545,3394,3395,3372,15516305,7839228,175116,352,"",0.92,0.69,0.68,0.68,0.62,0.84,0.71,0.9,"",-8,-1.4,-55,-1.6,-78,-2.2,16,0.5,563932,3.8,-410607,-5,25494,17,16,4.8
"2837",39000,5,"8122",56,0,2017,2,"",957,6859,6960,6963,56836340,10641176,213084,631,"",1.73,1.36,1.35,1.35,1.32,1.35,1.15,0.97,"",-6,-0.6,-43,-0.6,-89,-1.3,-80,-1.1,432022,0.8,-697571,-6.2,27147,14.6,11,1.8
"2838",39000,5,"81221",57,0,2017,2,"",731,5293,5312,5275,43227609,7528229,116191,628,"",1.75,1.34,1.33,1.32,1.32,1.25,1.08,0.99,"",-4,-0.5,-20,-0.4,-35,-0.7,-72,-1.3,327436,0.8,-502759,-6.3,24881,27.2,10,1.6
"2839",39000,5,"812210",58,0,2017,2,"",731,5293,5312,5275,43227609,7528229,116191,628,"",1.75,1.34,1.33,1.32,1.32,1.25,1.08,0.99,"",-4,-0.5,-20,-0.4,-35,-0.7,-72,-1.3,327436,0.8,-502759,-6.3,24881,27.2,10,1.6
"2840",39000,5,"81222",57,0,2017,2,"",226,1566,1648,1688,13608731,3112947,96893,641,"",1.68,1.44,1.42,1.45,1.33,1.66,1.25,0.93,"",-2,-0.9,-23,-1.4,-54,-3.2,-8,-0.5,104586,0.8,-194812,-5.9,2266,2.4,16,2.6
"2841",39000,5,"812220",58,0,2017,2,"",226,1566,1648,1688,13608731,3112947,96893,641,"",1.68,1.44,1.42,1.45,1.33,1.66,1.25,0.93,"",-2,-0.9,-23,-1.4,-54,-3.2,-8,-0.5,104586,0.8,-194812,-5.9,2266,2.4,16,2.6
"2842",39000,5,"8123",56,0,2017,2,"",877,11537,11482,11480,87674106,26106410,474415,586,"",0.88,1.04,1.03,1.02,1.18,1.18,0.95,1.15,"",-28,-3.1,255,2.3,178,1.6,271,2.4,5221642,6.3,-735248,-2.7,108979,29.8,23,4.1
"2843",39000,5,"81231",57,0,2017,2,"",233,1159,1170,1180,6039359,2624346,43279,397,"",0.81,0.86,0.86,0.87,0.99,1.11,0.79,1.14,"",1,0.4,-19,-1.6,9,0.8,14,1.2,327294,5.7,42153,1.6,8938,26,21,5.6
"2844",39000,5,"812310",58,0,2017,2,"",233,1159,1170,1180,6039359,2624346,43279,397,"",0.81,0.86,0.86,0.87,0.99,1.11,0.79,1.14,"",1,0.4,-19,-1.6,9,0.8,14,1.2,327294,5.7,42153,1.6,8938,26,21,5.6
"2845",39000,5,"81232",57,0,2017,2,"",516,4361,4364,4382,22724111,11910502,198832,400,"",0.84,0.89,0.89,0.89,0.94,1.24,1.03,1.06,"",-30,-5.5,-37,-0.8,-69,-1.6,-13,-0.3,1141946,5.3,-221455,-1.8,69623,53.9,23,6.1
"2846",39000,5,"812320",58,0,2017,2,"",516,4361,4364,4382,22724111,11910502,198832,400,"",0.84,0.89,0.89,0.89,0.94,1.24,1.03,1.06,"",-30,-5.5,-37,-0.8,-69,-1.6,-13,-0.3,1141946,5.3,-221455,-1.8,69623,53.9,23,6.1
"2847",39000,5,"81233",57,0,2017,2,"",128,6017,5948,5918,58910636,11571562,232304,760,"",1.47,1.22,1.21,1.2,1.34,1.14,0.93,1.11,"",1,0.8,311,5.5,238,4.2,270,4.8,3752402,6.8,-555946,-4.6,30418,15.1,14,1.9
"2848",39000,5,"812331",58,0,2017,2,"",53,2114,2105,2145,15622816,5304548,100622,567,"",1.18,0.83,0.82,0.84,0.76,0.9,0.72,0.91,"",2,3.9,193,10,145,7.4,180,9.2,598915,4,182068,3.6,23454,30.4,-26,-4.4
"2849",39000,5,"812332",58,0,2017,2,"",75,3903,3843,3773,43287820,6267014,131682,867,"",1.77,1.65,1.62,1.6,1.86,1.47,1.2,1.15,"",-1,-1.3,118,3.1,93,2.5,90,2.4,3153487,7.9,-738014,-10.5,6964,5.6,41,5
"2850",39000,5,"8129",56,0,2017,2,"",1246,9991,10201,10525,49643234,24942641,570094,373,"",0.94,0.82,0.82,0.83,0.67,1.15,0.97,0.81,"",108,9.5,350,3.6,331,3.4,371,3.7,3304987,7.1,381807,1.6,151605,36.2,13,3.6
"2851",39000,5,"81291",57,0,2017,2,"",628,4276,4413,4611,20371569,10625084,233830,353,"",1.18,1.03,1.04,1.05,1,1.35,1.24,0.96,"",53,9.2,474,12.5,482,12.3,529,13,2593343,14.6,1018008,10.6,72855,45.3,6,1.7
"2852",39000,5,"812910",58,0,2017,2,"",628,4276,4413,4611,20371569,10625084,233830,353,"",1.18,1.03,1.04,1.05,1,1.35,1.24,0.96,"",53,9.2,474,12.5,482,12.3,529,13,2593343,14.6,1018008,10.6,72855,45.3,6,1.7
"2853",39000,5,"81292",57,0,2017,2,"",17,146,146,145,1150766,401368,22273,608,"",0.72,0.43,0.43,0.45,0.29,0.64,0.87,0.67,"",-3,-15,-38,-20.7,-40,-21.5,-27,-15.7,-118444,-9.3,-113835,-22.1,589,2.7,68,12.6
"2854",39000,5,"812921",58,0,2017,2,"N",16,0,0,0,0,0,0,0,"N",0.91,0,0,0,0,0,0,0,"N",-1,-5.9,0,0,0,0,0,0,0,0,0,0,0,0,0,0
"2855",39000,5,"812922",58,0,2017,2,"N",1,0,0,0,0,0,0,0,"N",0.17,0,0,0,0,0,0,0,"N",-2,-66.7,0,0,0,0,0,0,0,0,0,0,0,0,0,0
"2856",39000,5,"81293",57,0,2017,2,"",321,4708,4736,4900,22305988,12185999,264221,359,"",1.38,0.9,0.89,0.92,0.78,1.39,1.06,0.86,"",32,11.1,-75,-1.6,-106,-2.2,-83,-1.7,806487,3.8,-462927,-3.7,68128,34.7,19,5.6
"2857",39000,5,"812930",58,0,2017,2,"",321,4708,4736,4900,22305988,12185999,264221,359,"",1.38,0.9,0.89,0.92,0.78,1.39,1.06,0.86,"",32,11.1,-75,-1.6,-106,-2.2,-83,-1.7,806487,3.8,-462927,-3.7,68128,34.7,19,5.6
"2858",39000,5,"81299",57,0,2017,2,"",280,861,906,869,5814911,1730190,49770,509,"",0.52,0.35,0.35,0.33,0.27,0.39,0.4,0.77,"",26,10.2,-11,-1.3,-5,-0.5,-48,-5.2,23601,0.4,-59439,-3.3,10033,25.2,14,2.8
"2859",39000,5,"812990",58,0,2017,2,"",280,861,906,869,5814911,1730190,49770,509,"",0.52,0.35,0.35,0.33,0.27,0.39,0.4,0.77,"",26,10.2,-11,-1.3,-5,-0.5,-48,-5.2,23601,0.4,-59439,-3.3,10033,25.2,14,2.8
"2860",39000,5,"813",55,0,2017,2,"",4806,47301,48323,50494,346900308,44979334,1098403,548,"",1.09,0.93,0.94,0.95,0.7,0.87,0.77,0.75,"",-13,-0.3,-991,-2.1,-758,-1.5,188,0.4,9888366,2.9,-3227313,-6.7,63143,6.1,21,4
"2861",39000,5,"8131",56,0,2017,2,"",387,4219,4226,4205,20043027,1480367,29751,366,"",0.55,0.58,0.58,0.59,0.43,0.29,0.22,0.74,"",5,1.3,-59,-1.4,-43,-1,-63,-1.5,928491,4.9,47011,3.3,4001,15.5,22,6.4
"2862",39000,5,"81311",57,0,2017,2,"",387,4219,4226,4205,20043027,1480367,29751,366,"",0.55,0.58,0.58,0.59,0.43,0.29,0.22,0.74,"",5,1.3,-59,-1.4,-43,-1,-63,-1.5,928491,4.9,47011,3.3,4001,15.5,22,6.4
"2863",39000,5,"813110",58,0,2017,2,"",387,4219,4226,4205,20043027,1480367,29751,366,"",0.55,0.58,0.58,0.59,0.43,0.29,0.22,0.74,"",5,1.3,-59,-1.4,-43,-1,-63,-1.5,928491,4.9,47011,3.3,4001,15.5,22,6.4
"2864",39000,5,"8132",56,0,2017,2,"",357,4063,4091,4047,55911302,2787192,77141,1058,"",0.74,0.76,0.76,0.75,0.72,0.55,0.58,0.95,"",-13,-3.5,-34,-0.8,11,0.3,-47,-1.1,488112,0.9,-291872,-9.5,14365,22.9,16,1.5
"2865",39000,5,"81321",57,0,2017,2,"",357,4063,4091,4047,55911302,2787192,77141,1058,"",0.74,0.76,0.76,0.75,0.72,0.55,0.58,0.95,"",-13,-3.5,-34,-0.8,11,0.3,-47,-1.1,488112,0.9,-291872,-9.5,14365,22.9,16,1.5
"2866",39000,5,"813211",58,0,2017,2,"",163,1325,1349,1332,22656154,1043149,28212,1305,"",0.62,0.52,0.53,0.52,0.56,0.41,0.45,1.07,"",6,3.8,9,0.7,44,3.4,49,3.8,433718,2,31065,3.1,10081,55.6,-9,-0.7
"2867",39000,5,"813212",58,0,2017,2,"",106,1489,1474,1414,18020130,1229773,36338,950,"",0.92,0.99,0.98,0.93,0.85,1,1.06,0.87,"",-15,-12.4,19,1.3,22,1.5,-56,-3.8,-408462,-2.2,-182872,-12.9,1475,4.2,-18,-1.9
"2868",39000,5,"813219",58,0,2017,2,"",88,1249,1268,1301,15235018,514270,12591,921,"",0.83,0.93,0.94,0.97,0.94,0.41,0.34,0.99,"",-4,-4.3,-62,-4.7,-55,-4.2,-40,-3,462856,3.1,-140065,-21.4,2809,28.7,63,7.3
"2869",39000,5,"8133",56,0,2017,2,"",478,4839,4920,5031,46047557,6768565,242797,718,"",0.71,0.62,0.62,0.62,0.55,0.65,0.72,0.89,"",13,2.8,-192,-3.8,-260,-5,-59,-1.2,1027482,2.3,-1025870,-13.2,-29312,-10.8,39,5.7
"2870",39000,5,"81331",57,0,2017,2,"",478,4839,4920,5031,46047557,6768565,242797,718,"",0.71,0.62,0.62,0.62,0.55,0.65,0.72,0.89,"",13,2.8,-192,-3.8,-260,-5,-59,-1.2,1027482,2.3,-1025870,-13.2,-29312,-10.8,39,5.7
"2871",39000,5,"813311",58,0,2017,2,"",104,1217,1254,1335,11662442,1682709,47643,707,"",0.76,0.68,0.69,0.73,0.61,0.82,0.7,0.88,"",0,0,130,12,133,11.9,206,18.2,1445015,14.1,178712,11.9,3421,7.7,0,0
"2872",39000,5,"813312",58,0,2017,2,"",117,1218,1287,1323,9709068,1952910,44909,585,"",0.59,0.51,0.52,0.49,0.39,0.54,0.48,0.78,"",4,3.5,21,1.8,79,6.5,109,9,752531,8.4,60556,3.2,12044,36.6,14,2.5
"2873",39000,5,"813319",58,0,2017,2,"",257,2404,2379,2373,24676047,3132946,150245,796,"",0.77,0.66,0.65,0.65,0.62,0.65,0.87,0.94,"",9,3.6,-343,-12.5,-472,-16.6,-374,-13.6,-1170064,-4.5,-1265138,-28.8,-44777,-23,81,11.3
"2874",39000,5,"8134",56,0,2017,2,"",1444,20090,20720,22093,74563130,17771511,381831,274,"",1.86,1.4,1.41,1.4,1.15,1.91,1.44,0.82,"",-14,-1,-90,-0.4,-99,-0.5,515,2.4,3163163,4.4,-389599,-2.1,89106,30.4,11,4.2
"2875",39000,5,"81341",57,0,2017,2,"",1444,20090,20720,22093,74563130,17771511,381831,274,"",1.86,1.4,1.41,1.4,1.15,1.91,1.44,0.82,"",-14,-1,-90,-0.4,-99,-0.5,515,2.4,3163163,4.4,-389599,-2.1,89106,30.4,11,4.2
"2876",39000,5,"813410",58,0,2017,2,"",1444,20090,20720,22093,74563130,17771511,381831,274,"",1.86,1.4,1.41,1.4,1.15,1.91,1.44,0.82,"",-14,-1,-90,-0.4,-99,-0.5,515,2.4,3163163,4.4,-389599,-2.1,89106,30.4,11,4.2
"2877",39000,5,"8139",56,0,2017,2,"",2140,14090,14366,15118,150335292,16171699,366883,796,"",1.2,0.88,0.89,0.91,0.68,0.74,0.66,0.76,"",-4,-0.2,-616,-4.2,-367,-2.5,-158,-1,4281118,2.9,-1566983,-8.8,-15017,-3.9,42,5.6
"2878",39000,5,"81391",57,0,2017,2,"",690,3871,3899,3918,63984181,3995079,81289,1263,"",1.18,0.88,0.88,0.87,0.81,0.62,0.5,0.93,"",-5,-0.7,-49,-1.2,10,0.3,9,0.2,5206694,8.9,-204324,-4.9,12409,18,105,9.1
"2879",39000,5,"813910",58,0,2017,2,"",690,3871,3899,3918,63984181,3995079,81289,1263,"",1.18,0.88,0.88,0.87,0.81,0.62,0.5,0.93,"",-5,-0.7,-49,-1.2,10,0.3,9,0.2,5206694,8.9,-204324,-4.9,12409,18,105,9.1
"2880",39000,5,"81392",57,0,2017,2,"",281,1736,1691,1992,25032326,1675065,37764,1066,"",1.12,0.54,0.52,0.61,0.41,0.51,0.49,0.74,"",4,1.4,81,4.9,73,4.5,144,7.8,1101787,4.6,-149457,-8.2,2807,8,-12,-1.1
"2881",39000,5,"813920",58,0,2017,2,"",281,1736,1691,1992,25032326,1675065,37764,1066,"",1.12,0.54,0.52,0.61,0.41,0.51,0.49,0.74,"",4,1.4,81,4.9,73,4.5,144,7.8,1101787,4.6,-149457,-8.2,2807,8,-12,-1.1
"2882",39000,5,"81393",57,0,2017,2,"",831,6817,6965,7041,46764679,6980671,153222,518,"",2.04,1.63,1.66,1.65,1.16,1.35,1.21,0.7,"",-2,-0.2,-413,-5.7,-232,-3.2,-76,-1.1,407804,0.9,-237837,-3.3,10193,7.1,21,4.2
"2883",39000,5,"813930",58,0,2017,2,"",831,6817,6965,7041,46764679,6980671,153222,518,"",2.04,1.63,1.66,1.65,1.16,1.35,1.21,0.7,"",-2,-0.2,-413,-5.7,-232,-3.2,-76,-1.1,407804,0.9,-237837,-3.3,10193,7.1,21,4.2
"2884",39000,5,"81394",57,0,2017,2,"",79,197,201,220,2697896,589520,24387,1007,"",1.23,0.76,0.75,0.77,0.73,1.04,1.2,0.96,"",3,3.9,-224,-53.2,-217,-51.9,-286,-56.5,-2386966,-46.9,-817366,-58.1,-44581,-64.6,135,15.5
"2885",39000,5,"813940",58,0,2017,2,"",79,197,201,220,2697896,589520,24387,1007,"",1.23,0.76,0.75,0.77,0.73,1.04,1.2,0.96,"",3,3.9,-224,-53.2,-217,-51.9,-286,-56.5,-2386966,-46.9,-817366,-58.1,-44581,-64.6,135,15.5
"2886",39000,5,"81399",57,0,2017,2,"",259,1469,1610,1947,11856210,2931364,70221,544,"",0.55,0.38,0.41,0.45,0.32,0.47,0.41,0.78,"",-4,-1.5,-11,-0.7,-1,-0.1,51,2.7,-48201,-0.4,-157999,-5.1,4155,6.3,-7,-1.3
"2887",39000,5,"813990",58,0,2017,2,"",259,1469,1610,1947,11856210,2931364,70221,544,"",0.55,0.38,0.41,0.45,0.32,0.47,0.41,0.78,"",-4,-1.5,-11,-0.7,-1,-0.1,51,2.7,-48201,-0.4,-157999,-5.1,4155,6.3,-7,-1.3
"2888",39000,5,"814",55,0,2017,2,"",3758,4195,4234,4169,24864715,9771967,235267,455,"",0.51,0.39,0.39,0.38,0.41,0.52,0.47,1.06,"",3,0.1,-304,-6.8,-253,-5.6,-283,-6.4,-523787,-2.1,-661157,-6.3,20197,9.4,19,4.4
"2889",39000,5,"8141",56,0,2017,2,"",3758,4195,4234,4169,24864715,9771967,235267,455,"",0.51,0.39,0.39,0.38,0.41,0.52,0.47,1.06,"",3,0.1,-304,-6.8,-253,-5.6,-283,-6.4,-523787,-2.1,-661157,-6.3,20197,9.4,19,4.4
"2890",39000,5,"81411",57,0,2017,2,"",3758,4195,4234,4169,24864715,9771967,235267,455,"",0.51,0.39,0.39,0.38,0.41,0.52,0.47,1.06,"",3,0.1,-304,-6.8,-253,-5.6,-283,-6.4,-523787,-2.1,-661157,-6.3,20197,9.4,19,4.4
"2891",39000,5,"814110",58,0,2017,2,"",3758,4195,4234,4169,24864715,9771967,235267,455,"",0.51,0.39,0.39,0.38,0.41,0.52,0.47,1.06,"",3,0.1,-304,-6.8,-253,-5.6,-283,-6.4,-523787,-2.1,-661157,-6.3,20197,9.4,19,4.4
"2892",39000,5,"99",54,0,2017,2,"",446,526,600,589,7100615,2684881,77204,955,"",0.07,0.07,0.08,0.07,0.08,0.15,0.11,1.08,"",-443,-49.8,-379,-41.9,-396,-39.8,-432,-42.3,-3419618,-32.5,-639499,-19.2,-25194,-24.6,124,14.9
"2893",39000,5,"999",55,0,2017,2,"",446,526,600,589,7100615,2684881,77204,955,"",0.07,0.07,0.08,0.07,0.08,0.15,0.11,1.08,"",-443,-49.8,-379,-41.9,-396,-39.8,-432,-42.3,-3419618,-32.5,-639499,-19.2,-25194,-24.6,124,14.9
"2894",39000,5,"9999",56,0,2017,2,"",446,526,600,589,7100615,2684881,77204,955,"",0.07,0.07,0.08,0.07,0.08,0.15,0.11,1.08,"",-443,-49.8,-379,-41.9,-396,-39.8,-432,-42.3,-3419618,-32.5,-639499,-19.2,-25194,-24.6,124,14.9
"2895",39000,5,"99999",57,0,2017,2,"",446,526,600,589,7100615,2684881,77204,955,"",0.07,0.07,0.08,0.07,0.08,0.15,0.11,1.08,"",-443,-49.8,-379,-41.9,-396,-39.8,-432,-42.3,-3419618,-32.5,-639499,-19.2,-25194,-24.6,124,14.9
"2896",39000,5,"999999",58,0,2017,2,"",446,526,600,589,7100615,2684881,77204,955,"",0.07,0.07,0.08,0.07,0.08,0.15,0.11,1.08,"",-443,-49.8,-379,-41.9,-396,-39.8,-432,-42.3,-3419618,-32.5,-639499,-19.2,-25194,-24.6,124,14.9
"2897",39000,8,"10",96,0,2017,2,"",14404,725747,731745,712659,9455665768,10255441,238757,1005,"",1.6,0.89,0.89,0.88,0.93,0.06,0.17,1.04,"",-2,0,4797,0.7,6020,0.8,8110,1.2,536142157,6,-201786,-1.9,40181,20.2,48,5
